0.999998271 -0.001796934 0.000242959 -0.000113061 0.001796956 0.999998391 -0.000090800 0.000093024 -0.000242795 0.000091236 0.999999940 0.039882202
0.999997199 -0.002375979 0.000065765 -0.000646905 0.002376032 0.999996901 -0.000824439 0.000858924 -0.000063806 0.000824593 0.999999642 0.082830980
0.999994814 -0.003212343 0.000192051 -0.000172057 0.003212267 0.999994755 0.000390850 0.000664976 -0.000193305 -0.000390231 0.999999881 0.119581610
0.999992847 -0.003762147 0.000036510 -0.000137991 0.003762068 0.999991000 0.001972592 0.000897916 -0.000043930 -0.001972440 0.999998033 0.159844995
0.999995947 -0.002847390 0.000032548 -0.000330338 0.002847326 0.999994278 0.001829807 0.001269523 -0.000037758 -0.001829707 0.999998331 0.200332165
0.999997973 -0.001999584 0.000054515 -0.000455584 0.001999495 0.999996662 0.001592716 0.001665448 -0.000057700 -0.001592604 0.999998748 0.240590230
0.999999225 -0.001177445 0.000279099 -0.000799547 0.001176706 0.999995768 0.002632854 0.001768374 -0.000282198 -0.002632523 0.999996483 0.281020910
0.999999583 -0.000868206 0.000289026 -0.000868309 0.000867329 0.999995053 0.003020501 0.002091311 -0.000291647 -0.003020249 0.999995351 0.321364403
0.999999940 -0.000038478 0.000499709 -0.001152534 0.000036991 0.999995530 0.002974147 0.002474525 -0.000499821 -0.002974128 0.999995410 0.363531142
0.999999344 -0.000504369 0.001015491 -0.001405509 0.000500917 0.999994040 0.003396612 0.002342686 -0.001017198 -0.003396101 0.999993682 0.400958091
0.999999225 0.000649781 0.001044811 -0.001408641 -0.000652757 0.999995708 0.002850242 0.002760185 -0.001042954 -0.002850923 0.999995410 0.443021864
0.999996722 0.001747197 0.001873983 -0.001770529 -0.001751392 0.999995947 0.002239218 0.002760904 -0.001870063 -0.002242493 0.999995708 0.480483621
0.999995351 0.001845045 0.002432002 -0.001785828 -0.001852551 0.999993443 0.003087798 0.003283281 -0.002426289 -0.003092289 0.999992251 0.520898521
0.999992013 0.002412607 0.003223809 -0.002023057 -0.002424095 0.999990702 0.003564069 0.003464325 -0.003215181 -0.003571855 0.999988437 0.561060250
0.999994874 0.000576088 0.003154027 -0.001467450 -0.000589016 0.999991417 0.004099460 0.003662116 -0.003151638 -0.004101297 0.999986649 0.602126896
0.999990463 0.000106419 0.004345891 -0.001994827 -0.000125930 0.999989927 0.004489442 0.004094223 -0.004345368 -0.004489947 0.999980450 0.640178144
0.999985695 -0.000025047 0.005331908 -0.002287143 -0.000005523 0.999983490 0.005733320 0.004052322 -0.005331964 -0.005733269 0.999969244 0.679768085
0.999982476 0.000258984 0.005915965 -0.002189775 -0.000287459 0.999988377 0.004812997 0.004510477 -0.005914650 -0.004814613 0.999970913 0.717826784
0.999980211 -0.000057750 0.006293001 -0.001932587 0.000030433 0.999990582 0.004340884 0.004732491 -0.006293193 -0.004340606 0.999970853 0.757054150
0.999975741 0.000095394 0.006960948 -0.002122970 -0.000117608 0.999994874 0.003190971 0.005137846 -0.006960608 -0.003191712 0.999970615 0.795626462
0.999972343 0.000313029 0.007423000 -0.001838408 -0.000338508 0.999994040 0.003431536 0.005305641 -0.007421882 -0.003433955 0.999966502 0.834614456
0.999965847 0.000105932 0.008259165 -0.001907627 -0.000141943 0.999990404 0.004359601 0.005298215 -0.008258626 -0.004360624 0.999956369 0.872699022
0.999960959 0.001290050 0.008741503 -0.002123598 -0.001332615 0.999987185 0.004865197 0.005589335 -0.008735115 -0.004876656 0.999949932 0.911061168
0.999956131 0.001688848 0.009214609 -0.001529737 -0.001717489 0.999993682 0.003101137 0.005412391 -0.009209315 -0.003116826 0.999952793 0.948518217
0.999949038 0.002505119 0.009793769 -0.001650321 -0.002517175 0.999996185 0.001218782 0.006393732 -0.009790679 -0.001243373 0.999951243 0.986874223
0.999943852 0.002716572 0.010244529 -0.000797248 -0.002744134 0.999992609 0.002677303 0.006213518 -0.010237181 -0.002705265 0.999943972 1.024170280
0.999945819 0.002069263 0.010203096 -0.000628325 -0.002126500 0.999982059 0.005602066 0.006272128 -0.010191322 -0.005623460 0.999932230 1.062662244
0.999941170 0.001302494 0.010769160 -0.000639247 -0.001369928 0.999979436 0.006256724 0.006682394 -0.010760790 -0.006271108 0.999922454 1.099686384
0.999946415 0.000679924 0.010338038 0.000117731 -0.000734790 0.999985695 0.005304298 0.007020948 -0.010334286 -0.005311610 0.999932528 1.137036800
0.999950171 -0.001648491 0.009847078 0.000621580 0.001599009 0.999986112 0.005030790 0.007178610 -0.009855235 -0.005014794 0.999938846 1.175882101
0.999944806 -0.002301180 0.010249170 0.000374107 0.002262439 0.999990284 0.003789937 0.006829145 -0.010257794 -0.003766540 0.999940217 1.211305380
0.999938965 -0.001862020 0.010884039 0.000135681 0.001833883 0.999994993 0.002594572 0.007438712 -0.010888817 -0.002574455 0.999937415 1.246019721
0.999945581 -0.000716687 0.010403812 0.000019249 0.000698160 0.999998152 0.001784278 0.007527048 -0.010405070 -0.001776918 0.999944270 1.283221722
0.999956071 -0.001803417 0.009199651 0.000762947 0.001778201 0.999994636 0.002748451 0.007540629 -0.009204558 -0.002731971 0.999953926 1.319898605
0.999964297 -0.001508177 0.008315133 0.001746710 0.001475580 0.999991238 0.003925065 0.007771132 -0.008320980 -0.003912656 0.999957800 1.356561303
0.999963641 -0.001998899 0.008301133 0.001390446 0.001949884 0.999980628 0.005908619 0.007649338 -0.008312781 -0.005892217 0.999948084 1.391423225
0.999973059 -0.001359843 0.007217423 0.001739397 0.001308868 0.999974191 0.007062733 0.007782989 -0.007226841 -0.007053096 0.999949038 1.428188324
0.999976099 -0.000978570 0.006845953 0.001967823 0.000933219 0.999977589 0.006624517 0.008362859 -0.006852281 -0.006617971 0.999954700 1.463113904
0.999980211 -0.002743921 0.005668317 0.002969633 0.002704248 0.999971926 0.006994985 0.008353987 -0.005687350 -0.006979519 0.999959528 1.498590231
0.999976337 -0.004055528 0.005553268 0.002217005 0.004014791 0.999965072 0.007327036 0.008667096 -0.005582790 -0.007304569 0.999957740 1.533958912
0.999978244 -0.004615011 0.004716502 0.002815815 0.004579635 0.999961436 0.007484087 0.008684504 -0.004750860 -0.007462326 0.999960899 1.569483995
0.999981582 -0.004179441 0.004400742 0.002583533 0.004156109 0.999977291 0.005297533 0.009424359 -0.004422782 -0.005279146 0.999976337 1.603853583
0.999983966 -0.004236852 0.003757357 0.002491006 0.004223937 0.999985099 0.003438802 0.009162838 -0.003771871 -0.003422876 0.999987006 1.638039351
0.999980092 -0.005408748 0.003263553 0.002614941 0.005401236 0.999982655 0.002306305 0.009405633 -0.003275972 -0.002288631 0.999991953 1.672886372
0.999986708 -0.004548570 0.002437081 0.003158945 0.004542006 0.999986053 0.002692348 0.009415096 -0.002449294 -0.002681243 0.999993324 1.707969546
0.999992013 -0.002978320 0.002668386 0.002804301 0.002967494 0.999987304 0.004052208 0.009493666 -0.002680421 -0.004044257 0.999988258 1.741475105
0.999994457 -0.002294473 0.002404499 0.002792991 0.002280686 0.999980986 0.005720661 0.009331791 -0.002417579 -0.005715146 0.999980807 1.775345564
0.999993145 -0.002752326 0.002484865 0.002118702 0.002736716 0.999976635 0.006263793 0.009743406 -0.002502047 -0.006256948 0.999977350 1.809062362
0.999992251 -0.003797698 0.001041035 0.003408324 0.003789900 0.999965489 0.007392910 0.010331688 -0.001069075 -0.007388907 0.999972105 1.844242692
0.999990284 -0.004155683 0.001480100 0.002857583 0.004143879 0.999960244 0.007891219 0.010815963 -0.001512834 -0.007885010 0.999967754 1.876568437
0.999988377 -0.004670727 0.001177703 0.002735891 0.004659906 0.999948442 0.009029331 0.011244064 -0.001219816 -0.009023739 0.999958515 1.909532547
0.999988735 -0.004550346 0.001329348 0.003120401 0.004537677 0.999945700 0.009382410 0.010960704 -0.001371969 -0.009376272 0.999955058 1.940331340
0.999993384 -0.003529784 0.000827405 0.002915170 0.003522925 0.999960601 0.008148148 0.011466320 -0.000856134 -0.008145181 0.999966443 1.972232580
0.999994397 -0.003207157 0.000939797 0.002750956 0.003200311 0.999969006 0.007197461 0.012275443 -0.000962851 -0.007194414 0.999973655 2.002199650
0.999993205 -0.003361073 0.001542465 0.002489663 0.003349482 0.999966621 0.007456550 0.011468862 -0.001567475 -0.007451334 0.999970973 2.030232906
0.999992251 -0.003374272 0.002014655 0.001875759 0.003360898 0.999972463 0.006605036 0.012280242 -0.002036887 -0.006598214 0.999976158 2.058874607
0.999994576 -0.002502912 0.002101676 0.002140831 0.002487351 0.999969661 0.007374191 0.012213487 -0.002120069 -0.007368925 0.999970615 2.086465597
0.999996006 -0.001951917 0.002027360 0.002351466 0.001934846 0.999962866 0.008388265 0.012522987 -0.002043659 -0.008384309 0.999962747 2.112382889
0.999994338 -0.001980609 0.002724591 0.001409517 0.001955829 0.999956906 0.009067763 0.012486843 -0.002742433 -0.009062382 0.999955177 2.138481140
0.999993861 -0.002169881 0.002765592 0.001631057 0.002142884 0.999950409 0.009727600 0.012716241 -0.002786563 -0.009721613 0.999948919 2.163213491
0.999993443 -0.002176331 0.002892692 0.001572546 0.002147703 0.999949098 0.009863344 0.012606367 -0.002914011 -0.009857066 0.999947131 2.186707973
0.999989748 -0.002549805 0.003744546 0.000738281 0.002514105 0.999951661 0.009507916 0.012690498 -0.003768608 -0.009498404 0.999947727 2.209911346
0.999986589 -0.002932807 0.004261978 0.000442072 0.002895918 0.999958575 0.008635839 0.012918978 -0.004287128 -0.008623380 0.999953628 2.231532812
0.999989331 -0.002061899 0.004137908 0.000645173 0.002028036 0.999964535 0.008171296 0.012925847 -0.004154610 -0.008162816 0.999958038 2.253291607
0.999991119 -0.002520573 0.003388997 0.001420795 0.002495528 0.999969661 0.007374248 0.012897578 -0.003407482 -0.007365723 0.999967039 2.274013996
0.999986291 -0.003646544 0.003796092 0.000744296 0.003625986 0.999978900 0.005408474 0.013104219 -0.003815734 -0.005394635 0.999978185 2.294598341
0.999986112 -0.004566681 0.002664070 0.001478554 0.004557397 0.999983549 0.003480654 0.013186186 -0.002679921 -0.003468464 0.999990463 2.315100431
0.999990404 -0.003745982 0.002277854 0.000703381 0.003741176 0.999990761 0.002110840 0.013138670 -0.002285740 -0.002102298 0.999995172 2.334167004
0.999991179 -0.003987504 0.001350363 0.001288144 0.003985806 0.999991298 0.001257946 0.013287908 -0.001355367 -0.001252552 0.999998391 2.353873253
0.999993384 -0.003593170 0.000595615 0.000634307 0.003591869 0.999991298 0.002171237 0.013320017 -0.000603411 -0.002169083 0.999997437 2.373069525
0.999991834 -0.004024498 0.000448570 0.000627602 0.004023284 0.999988377 0.002675224 0.013412791 -0.000459331 -0.002673397 0.999996305 2.392655611
0.999994338 -0.003213310 -0.000921049 0.000303045 0.003216971 0.999986827 0.004001699 0.013333430 0.000908178 -0.004004640 0.999991596 2.410982847
0.999995649 -0.002305171 -0.001815641 0.000418601 0.002313428 0.999986947 0.004558938 0.013577336 0.001805108 -0.004563119 0.999988019 2.429754496
0.999995708 -0.002248187 -0.001836505 -0.000094393 0.002258499 0.999981701 0.005632605 0.013441569 0.001823808 -0.005636730 0.999982476 2.447177649
0.999997139 -0.001346800 -0.001982397 -0.000289361 0.001358982 0.999980092 0.006156398 0.013672646 0.001974066 -0.006159074 0.999979138 2.464626074
0.999996662 -0.001284482 -0.002246028 -0.000416455 0.001299251 0.999977469 0.006586708 0.013673288 0.002237517 -0.006589604 0.999975741 2.481110096
0.999996126 -0.001820681 -0.002099078 -0.000588507 0.001834366 0.999976993 0.006536244 0.013951450 0.002087129 -0.006540070 0.999976397 2.497422457
0.999995172 -0.001910502 -0.002449990 -0.000607663 0.001928093 0.999972224 0.007197859 0.013868169 0.002436171 -0.007202548 0.999971092 2.512582779
0.999996841 -0.000975525 -0.002293358 -0.000758231 0.000992608 0.999971628 0.007459370 0.014098359 0.002286016 -0.007461624 0.999969542 2.527422190
0.999997497 0.000155572 -0.002255599 -0.000845746 -0.000137764 0.999968827 0.007893203 0.013991255 0.002256756 -0.007892870 0.999966264 2.541473389
0.999998391 0.000348017 -0.001753059 -0.001202356 -0.000333817 0.999967158 0.008094328 0.013988892 0.001755819 -0.008093731 0.999965727 2.554120064
0.999999285 0.000447569 -0.001154308 -0.001277512 -0.000438541 0.999969363 0.007809382 0.014106795 0.001157769 -0.007808869 0.999968886 2.566214085
0.999999404 -0.000087108 -0.001077093 -0.001116465 0.000094941 0.999973476 0.007274142 0.014343258 0.001076430 -0.007274241 0.999972999 2.578348875
0.999999523 -0.000056580 -0.000916389 -0.001123406 0.000063164 0.999974310 0.007185593 0.014232294 0.000915960 -0.007185648 0.999973774 2.589521885
0.999999702 0.000069421 -0.000674212 -0.001235801 -0.000065441 0.999982655 0.005900927 0.014463078 0.000674610 -0.005900881 0.999982417 2.600700140
0.999999881 0.000519410 -0.000176702 -0.001568070 -0.000518633 0.999990344 0.004369476 0.014611840 0.000178970 -0.004369384 0.999990463 2.611220837
0.999999821 0.000501135 -0.000205608 -0.001391602 -0.000500383 0.999993265 0.003638622 0.014459671 0.000207430 -0.003638519 0.999993384 2.621622324
0.999999702 0.000688875 -0.000278668 -0.001474035 -0.000688007 0.999994993 0.003101389 0.014427569 0.000280803 -0.003101197 0.999995232 2.632457495
0.999999762 0.000493149 -0.000368001 -0.001522649 -0.000492048 0.999995410 0.002985990 0.014514185 0.000369471 -0.002985809 0.999995470 2.642756939
0.999999702 0.000030104 -0.000754591 -0.001449462 -0.000027918 0.999995768 0.002896642 0.014516499 0.000754674 -0.002896620 0.999995530 2.652809381
0.999999523 0.000145718 -0.001001100 -0.001473376 -0.000142797 0.999995708 0.002917318 0.014532322 0.001001520 -0.002917174 0.999995291 2.662887573
0.999998927 -0.000010066 -0.001489958 -0.001520142 0.000014261 0.999996066 0.002815366 0.014738915 0.001489923 -0.002815385 0.999994993 2.673244953
0.999998748 -0.000324268 -0.001511682 -0.001594220 0.000327767 0.999997258 0.002315361 0.014903169 0.001510927 -0.002315854 0.999996245 2.683274746
0.999999046 -0.000528096 -0.001298246 -0.002015852 0.000530721 0.999997735 0.002022573 0.014771247 0.001297175 -0.002023260 0.999997079 2.692557096
0.999998689 -0.000279259 -0.001635966 -0.002065699 0.000282345 0.999998152 0.001886014 0.014827157 0.001635437 -0.001886474 0.999996901 2.702434301
0.999998331 -0.000302415 -0.001866133 -0.002294721 0.000306243 0.999997795 0.002051434 0.014947997 0.001865509 -0.002052002 0.999996185 2.711804628
0.999997616 -0.000308735 -0.002120086 -0.002260298 0.000313797 0.999997020 0.002387674 0.014832968 0.002119342 -0.002388333 0.999994874 2.721170425
0.999997437 -0.000363874 -0.002242768 -0.002380342 0.000369288 0.999997020 0.002414235 0.015010658 0.002241883 -0.002415057 0.999994516 2.730532885
0.999996960 -0.000183201 -0.002456862 -0.002593170 0.000189476 0.999996662 0.002553832 0.015086674 0.002456386 -0.002554289 0.999993682 2.739866018
0.999996424 -0.000132223 -0.002676415 -0.002537686 0.000140251 0.999995470 0.002999673 0.014915512 0.002676006 -0.003000037 0.999991834 2.748163223
0.999996185 -0.000334868 -0.002761122 -0.002572760 0.000342940 0.999995708 0.002923385 0.014968470 0.002760132 -0.002924321 0.999991834 2.756912947
0.999995112 -0.000367050 -0.003096582 -0.002607055 0.000376078 0.999995649 0.002915154 0.015009548 0.003095499 -0.002916304 0.999990940 2.765349865
0.999993324 -0.001268163 -0.003428513 -0.002556326 0.001279615 0.999993563 0.003340055 0.015014445 0.003424254 -0.003344419 0.999988556 2.773016691
0.999992907 -0.001740883 -0.003364746 -0.002779742 0.001753927 0.999991000 0.003877429 0.014935708 0.003357966 -0.003883303 0.999986887 2.780646086
0.999988854 -0.002785987 -0.003828560 -0.002753137 0.002803621 0.999985516 0.004608301 0.014798230 0.003815667 -0.004618983 0.999982119 2.787705898
0.999989688 -0.002578061 -0.003734193 -0.002711650 0.002595915 0.999985158 0.004784129 0.014862569 0.003721804 -0.004793774 0.999981582 2.794335604
0.999990344 -0.002099917 -0.003870717 -0.002645687 0.002120512 0.999983668 0.005324231 0.014995445 0.003859473 -0.005332388 0.999978364 2.800327778
0.999991596 -0.001204885 -0.003912106 -0.002834466 0.001226553 0.999983847 0.005541029 0.014953092 0.003905366 -0.005545781 0.999976993 2.805875778
0.999991298 -0.000803748 -0.004109872 -0.002951468 0.000827521 0.999982834 0.005785764 0.014906653 0.004105151 -0.005789114 0.999974847 2.810431480
0.999990582 -0.000994361 -0.004195821 -0.002903877 0.001018046 0.999983430 0.005646424 0.014977059 0.004190137 -0.005650643 0.999975264 2.814608335
0.999990344 -0.001375455 -0.004140283 -0.003151495 0.001395760 0.999986887 0.004905382 0.015007252 0.004133481 -0.004911113 0.999979377 2.818426132
0.999989808 -0.001091067 -0.004353001 -0.003059762 0.001108137 0.999991536 0.003920977 0.015037579 0.004348686 -0.003925760 0.999982834 2.821687460
0.999989331 -0.000885176 -0.004523424 -0.003097132 0.000901520 0.999993086 0.003612355 0.015069665 0.004520194 -0.003616394 0.999983311 2.824898720
0.999990165 -0.000667522 -0.004389679 -0.003096034 0.000684341 0.999992430 0.003831078 0.015047224 0.004387088 -0.003834045 0.999983013 2.827471256
0.999989748 -0.000940704 -0.004438417 -0.003074984 0.000957910 0.999992013 0.003876047 0.015027521 0.004434736 -0.003880259 0.999982655 2.830254078
0.999988616 -0.001385565 -0.004566191 -0.002931122 0.001403044 0.999991655 0.003826968 0.015083842 0.004560850 -0.003833331 0.999982238 2.832779646
0.999989688 -0.001308307 -0.004365036 -0.003128959 0.001324489 0.999992251 0.003706175 0.015130406 0.004360154 -0.003711917 0.999983609 2.834923029
0.999988616 -0.001212473 -0.004614885 -0.003168683 0.001228274 0.999993384 0.003422590 0.015138787 0.004610704 -0.003428220 0.999983490 2.836879730
0.999988914 -0.000891617 -0.004625081 -0.003229161 0.000904491 0.999995768 0.002782075 0.015179263 0.004622580 -0.002786228 0.999985456 2.838816881
0.999989629 -0.000774437 -0.004503298 -0.003322298 0.000784700 0.999997139 0.002277782 0.015202811 0.004501520 -0.002281293 0.999987245 2.840516567
0.999987364 -0.001150293 -0.004886033 -0.003193195 0.001163654 0.999995828 0.002732462 0.015038444 0.004882868 -0.002738114 0.999984324 2.842283726
0.999986827 -0.001258799 -0.004969896 -0.003119976 0.001273294 0.999995112 0.002914542 0.015085773 0.004966202 -0.002920832 0.999983430 2.843978643
0.999987662 -0.000999046 -0.004869157 -0.003235534 0.001012570 0.999995768 0.002775860 0.015137505 0.004866363 -0.002780756 0.999984264 2.845511913
0.999987662 -0.001050222 -0.004855854 -0.003252382 0.001063520 0.999995828 0.002736748 0.015176928 0.004852959 -0.002741879 0.999984443 2.846702576
0.999986708 -0.001132248 -0.005031569 -0.003177909 0.001147453 0.999994874 0.003019949 0.015076414 0.005028125 -0.003025683 0.999982774 2.847902060
0.999987006 -0.001021087 -0.005001046 -0.003206301 0.001035998 0.999995172 0.002979796 0.015182221 0.004997979 -0.002984939 0.999983072 2.848801374
0.999987006 -0.000994677 -0.004994160 -0.003239224 0.001010217 0.999994814 0.003110020 0.015183995 0.004991040 -0.003115025 0.999982715 2.849407434
0.999987364 -0.001143271 -0.004883836 -0.003248088 0.001159839 0.999993563 0.003390932 0.015125885 0.004879927 -0.003396554 0.999982238 2.849532843
0.999987483 -0.001150556 -0.004854199 -0.003241521 0.001167574 0.999993205 0.003504576 0.015114911 0.004850132 -0.003510200 0.999981999 2.849582434
0.999986768 -0.001234289 -0.004999019 -0.003154249 0.001250478 0.999993980 0.003236500 0.015123995 0.004994994 -0.003242708 0.999982178 2.849336147
0.999986887 -0.001590954 -0.004866587 -0.003208970 0.001601565 0.999996305 0.002177221 0.015166125 0.004863106 -0.002184986 0.999985695 2.849157572
0.999986231 -0.001644172 -0.004991547 -0.003114172 0.001652164 0.999997318 0.001597422 0.015029161 0.004988907 -0.001605647 0.999986231 2.849342346
0.999984562 -0.001988313 -0.005186604 -0.003026311 0.001999421 0.999995649 0.002137283 0.014980856 0.005182332 -0.002147620 0.999984264 2.849393129
0.999987364 -0.001687580 -0.004737294 -0.003313423 0.001695393 0.999997199 0.001645603 0.015068216 0.004734504 -0.001653613 0.999987364 2.849272966
0.999985218 -0.001903129 -0.005103883 -0.003173175 0.001907947 0.999997616 0.000939183 0.014974138 0.005102084 -0.000948906 0.999986410 2.849400043
0.999984980 -0.001721224 -0.005225983 -0.003051329 0.001724946 0.999998152 0.000707605 0.015023969 0.005224757 -0.000716608 0.999985933 2.849712610
0.999985695 -0.001636245 -0.005104895 -0.003172868 0.001639341 0.999998391 0.000602292 0.015016102 0.005103901 -0.000610651 0.999986708 2.850005388
0.999985158 -0.001899156 -0.005115553 -0.003086932 0.001901262 0.999997973 0.000406766 0.015084591 0.005114772 -0.000416485 0.999986708 2.850538254
0.999986231 -0.001555946 -0.005008275 -0.003248572 0.001558607 0.999998689 0.000527315 0.015082409 0.005007447 -0.000535114 0.999987304 2.851072550
0.999987364 -0.001528126 -0.004784399 -0.003420171 0.001530734 0.999998748 0.000541659 0.015138607 0.004783565 -0.000548977 0.999988437 2.851569653
0.999987602 -0.001537106 -0.004748949 -0.003445782 0.001538655 0.999998868 0.000322642 0.015200502 0.004748447 -0.000329945 0.999988735 2.852522850
0.999985516 -0.001621331 -0.005125361 -0.003218788 0.001622934 0.999998629 0.000308535 0.015160275 0.005124854 -0.000316849 0.999986768 2.853579760
0.999985576 -0.002045739 -0.004964463 -0.003342452 0.002045564 0.999997854 -0.000040514 0.015113827 0.004964537 0.000030359 0.999987662 2.854922771
0.999985993 -0.002055075 -0.004885324 -0.003400816 0.002051000 0.999997497 -0.000838800 0.015108207 0.004887035 0.000828768 0.999987721 2.856381893
0.999986231 -0.001820743 -0.004919893 -0.003476162 0.001812639 0.999997020 -0.001651227 0.015113387 0.004922884 0.001642286 0.999986529 2.858216047
0.999985278 -0.001784036 -0.005126343 -0.003199874 0.001771835 0.999995530 -0.002383566 0.015142445 0.005130573 0.002374448 0.999984026 2.860595942
0.999987721 -0.001683614 -0.004670740 -0.003441272 0.001670360 0.999994516 -0.002840225 0.015080397 0.004675497 0.002832388 0.999985039 2.863358021
0.999989092 -0.001774458 -0.004338775 -0.003488232 0.001761105 0.999993682 -0.003079639 0.015187914 0.004344213 0.003071964 0.999985874 2.866769552
0.999992609 -0.001554508 -0.003549415 -0.004028025 0.001541104 0.999991655 -0.003775957 0.015356202 0.003555255 0.003770459 0.999986529 2.870564938
0.999996662 -0.001373760 -0.002262675 -0.004899418 0.001363546 0.999988914 -0.004509578 0.015657257 0.002268846 0.004506477 0.999987245 2.874640465
0.999991536 -0.002087771 -0.003549789 -0.003543011 0.002073077 0.999989271 -0.004137875 0.015182070 0.003558391 0.004130481 0.999985099 2.879911184
0.999991953 -0.002034178 -0.003458899 -0.003460963 0.002016787 0.999985278 -0.005023894 0.015354407 0.003469068 0.005016878 0.999981403 2.885659933
0.999993622 -0.002174780 -0.002865445 -0.003611110 0.002158050 0.999980688 -0.005828649 0.015443249 0.002878066 0.005822428 0.999978900 2.892040014
0.999994159 -0.002142270 -0.002652383 -0.003310636 0.002125254 0.999977231 -0.006401939 0.015379321 0.002666037 0.006396265 0.999975979 2.899185181
0.999996245 -0.001775844 -0.002077813 -0.003666344 0.001761054 0.999973238 -0.007098287 0.015457178 0.002090362 0.007094602 0.999972641 2.906668663
0.999999285 -0.001047855 -0.000568604 -0.004709614 0.001043520 0.999970794 -0.007572541 0.015640946 0.000576522 0.007571943 0.999971211 2.914484739
0.999996722 -0.002124826 -0.001433305 -0.003323231 0.002114353 0.999971390 -0.007269394 0.015366834 0.001448710 0.007266339 0.999972582 2.924678087
0.999995828 -0.002790294 -0.000685748 -0.003375074 0.002785136 0.999968648 -0.007411004 0.015442060 0.000706406 0.007409064 0.999972284 2.934960842
0.999995351 -0.003055184 -0.000209457 -0.003396798 0.003053429 0.999963939 -0.007925975 0.015655672 0.000233664 0.007925298 0.999968529 2.946147203
0.999995112 -0.003089609 0.000458979 -0.003469639 0.003093145 0.999963880 -0.007914987 0.015626945 -0.000434508 0.007916369 0.999968588 2.957807779
0.999996781 -0.002361381 0.000942463 -0.003575123 0.002369265 0.999961495 -0.008454764 0.015613222 -0.000922462 0.008456971 0.999963820 2.970408201
0.999995470 -0.002353518 0.001870745 -0.003743492 0.002370110 0.999957383 -0.008916757 0.015471727 -0.001849680 0.008921148 0.999958456 2.983196735
0.999992907 -0.002549015 0.002772711 -0.003954170 0.002574180 0.999955177 -0.009110399 0.015597634 -0.002749364 0.009117470 0.999954641 2.996957541
0.999988556 -0.003766101 0.002965746 -0.003379276 0.003790669 0.999958158 -0.008322226 0.015412360 -0.002934280 0.008333371 0.999961019 3.012054920
0.999984026 -0.003526747 0.004429738 -0.004003827 0.003564177 0.999957681 -0.008470330 0.015314598 -0.004399679 0.008485981 0.999954283 3.027283192
0.999982059 -0.003574171 0.004805227 -0.003504253 0.003614920 0.999957323 -0.008498423 0.015520981 -0.004774647 0.008515642 0.999952316 3.043718815
0.999977708 -0.004051082 0.005297209 -0.003131898 0.004095376 0.999956548 -0.008377868 0.015450561 -0.005263039 0.008399376 0.999950826 3.060802937
0.999970198 -0.004551942 0.006225188 -0.003038738 0.004610422 0.999945104 -0.009412113 0.015590906 -0.006182002 0.009440535 0.999936283 3.078122139
0.999962509 -0.004724754 0.007255083 -0.003081417 0.004788002 0.999950469 -0.008725000 0.015499553 -0.007213499 0.008759411 0.999935567 3.096374750
0.999958396 -0.003674655 0.008350770 -0.003034189 0.003736472 0.999965668 -0.007399181 0.015647206 -0.008323293 0.007430076 0.999937773 3.115376472
0.999949276 -0.001721098 0.009930488 -0.003334787 0.001793263 0.999972105 -0.007262764 0.016321750 -0.009917708 0.007280205 0.999924362 3.134535789
0.999937773 -0.002846360 0.010787578 -0.003460318 0.002912209 0.999977231 -0.006093319 0.015702222 -0.010769989 0.006124357 0.999923229 3.154364347
0.999926686 -0.003891496 0.011473248 -0.003046617 0.003960215 0.999974370 -0.005972861 0.015737891 -0.011449710 0.006017859 0.999916375 3.174350262
0.999922037 -0.002957987 0.012128891 -0.002304450 0.003020216 0.999982357 -0.005115563 0.016065065 -0.012113545 0.005151796 0.999913275 3.195855379
0.999913812 -0.002645251 0.012859451 -0.001532536 0.002708183 0.999984443 -0.004878970 0.016749272 -0.012846343 0.004913375 0.999905348 3.217917681
0.999894738 -0.003248503 0.014140892 -0.001493417 0.003313712 0.999984026 -0.004590394 0.016790230 -0.014125751 0.004636770 0.999889433 3.240272999
0.999875307 -0.003227754 0.015459023 -0.001909073 0.003300960 0.999983490 -0.004712276 0.016676622 -0.015443557 0.004762718 0.999869406 3.262956142
0.999856889 -0.003220535 0.016609544 -0.001444500 0.003289386 0.999986053 -0.004119622 0.016671486 -0.016596045 0.004173667 0.999853551 3.286257744
0.999834657 -0.003416384 0.017859597 -0.001330111 0.003498971 0.999983311 -0.004595078 0.016891044 -0.017843600 0.004656808 0.999829948 3.310135365
0.999824107 -0.004768224 0.018137557 -0.000835188 0.004858317 0.999976099 -0.004926452 0.016975021 -0.018113630 0.005013703 0.999823332 3.334692478
0.999824643 -0.003950163 0.018304883 -0.000072081 0.004041276 0.999979734 -0.004943209 0.016925320 -0.018284982 0.005016317 0.999820232 3.360374451
0.999818504 -0.004492798 0.018513039 0.000444379 0.004590106 0.999975860 -0.005217083 0.017039942 -0.018489152 0.005301112 0.999814987 3.385289907
0.999819458 -0.004512571 0.018457619 0.000841558 0.004614835 0.999974191 -0.005501647 0.017014258 -0.018432317 0.005585832 0.999814510 3.410932779
0.999807060 -0.005714577 0.018792007 0.001719214 0.005811848 0.999970019 -0.005125642 0.017083425 -0.018762153 0.005233869 0.999810278 3.437332153
0.999788642 -0.006771787 0.019411545 0.001387417 0.006842288 0.999970317 -0.003567758 0.017042281 -0.019386811 0.003699823 0.999805212 3.462232590
0.999807775 -0.005193950 0.018912731 0.003163628 0.005243899 0.999982893 -0.002592454 0.017618855 -0.018898945 0.002691132 0.999817908 3.491665125
0.999810874 -0.004070312 0.019018451 0.003216602 0.004101263 0.999990404 -0.001588679 0.017886583 -0.019011797 0.001666378 0.999817908 3.517992973
0.999797344 -0.003776895 0.019776616 0.002407677 0.003794469 0.999992549 -0.000851199 0.018180519 -0.019773247 0.000926069 0.999804139 3.543949604
0.999785304 -0.003472381 0.020429520 0.001719072 0.003480240 0.999993861 -0.000349197 0.018479105 -0.020428183 0.000420222 0.999791205 3.569229841
0.999804676 -0.005146408 0.019078834 0.003753290 0.005149590 0.999986708 -0.000117640 0.017853443 -0.019077977 0.000215866 0.999817908 3.597877264
0.999822557 -0.005895769 0.017889870 0.005960591 0.005901490 0.999982536 -0.000266970 0.017735370 -0.017887989 0.000372499 0.999839902 3.628761292
0.999825418 -0.005120119 0.017968036 0.005963542 0.005142083 0.999986112 -0.001176408 0.018420391 -0.017961765 0.001268596 0.999837875 3.656787634
0.999806106 -0.005485896 0.018909054 0.004951879 0.005506127 0.999984324 -0.001018081 0.018131232 -0.018903170 0.001121999 0.999820709 3.681330442
0.999812126 -0.003695171 0.019030143 0.005300127 0.003728651 0.999991536 -0.001724122 0.018652881 -0.019023612 0.001794754 0.999817491 3.710516691
0.999816835 -0.003282882 0.018855704 0.005428895 0.003331376 0.999991238 -0.002541018 0.018917866 -0.018847194 0.002603368 0.999819040 3.740479946
0.999827266 -0.006810958 0.017291034 0.005740143 0.006837226 0.999975562 -0.001460526 0.018196071 -0.017280664 0.001578496 0.999849439 3.768554211
0.999860287 -0.006511920 0.015392860 0.006971776 0.006524744 0.999978423 -0.000783106 0.018688966 -0.015387428 0.000883431 0.999881148 3.795412540
0.999873519 -0.008044234 0.013721611 0.006963357 0.008043232 0.999967694 0.000128284 0.018915918 -0.013722199 -0.000017902 0.999905825 3.824762583
0.999901474 -0.008111900 0.011455100 0.006781101 0.008105903 0.999967039 0.000569834 0.018905250 -0.011459344 -0.000476924 0.999934196 3.854113817
0.999914885 -0.010196847 0.008136437 0.007382810 0.010176989 0.999945164 0.002478518 0.018399321 -0.008161264 -0.002395503 0.999963820 3.881570339
0.999924541 -0.011256360 0.004909327 0.007271805 0.011244121 0.999933660 0.002513859 0.018780362 -0.004937297 -0.002458468 0.999984801 3.910382986
0.999936640 -0.011173453 0.001320260 0.007314345 0.011169991 0.999934316 0.002600088 0.018740619 -0.001349222 -0.002585176 0.999995768 3.939429760
0.999934435 -0.011008349 -0.003156653 0.006823751 0.011015982 0.999936521 0.002411254 0.018608125 0.003129907 -0.002445869 0.999992073 3.968107939
0.999901474 -0.011897975 -0.007443385 0.006525196 0.011913601 0.999926925 0.002058707 0.018841155 0.007418346 -0.002147182 0.999970198 3.996801376
0.999851465 -0.012146648 -0.012229322 0.005919255 0.012167945 0.999924541 0.001668463 0.018905470 0.012208133 -0.001817021 0.999923885 4.025863171
0.999775708 -0.012189610 -0.017317468 0.004649706 0.012250731 0.999919057 0.003427757 0.018781047 0.017274283 -0.003639140 0.999844193 4.053198814
0.999675155 -0.010498456 -0.023224104 0.005897306 0.010612955 0.999932110 0.004812479 0.017561803 0.023172004 -0.005057390 0.999718726 4.078697681
0.999529541 -0.011523852 -0.028421516 0.004213534 0.011660460 0.999921262 0.004645494 0.018216146 0.028365744 -0.004974716 0.999585271 4.107710838
0.999304771 -0.012824778 -0.035006486 0.003270209 0.012983602 0.999906421 0.004313441 0.018451855 0.034947887 -0.004764951 0.999377847 4.135972023
0.999063432 -0.013784964 -0.041013893 0.001787394 0.013942950 0.999896407 0.003568504 0.018187957 0.040960453 -0.004137016 0.999152184 4.162386417
0.998783350 -0.017329562 -0.046169460 -0.001112849 0.017425572 0.999846756 0.001677813 0.019456716 0.046133317 -0.002480301 0.998932183 4.188546658
0.998395562 -0.016599104 -0.054135866 -0.000932008 0.016715217 0.999858856 0.001692785 0.018431081 0.054100130 -0.002594962 0.998532116 4.217126369
0.998038709 -0.017197791 -0.060192872 -0.003379136 0.017273866 0.999850512 0.000743648 0.018024039 0.060171086 -0.001781953 0.998186409 4.244495392
0.997617006 -0.018065978 -0.066587940 -0.004555166 0.018153245 0.999834955 0.000705580 0.018015739 0.066564202 -0.001912685 0.997780263 4.271114826
0.997182608 -0.018137548 -0.072786652 -0.006165117 0.018242512 0.999833286 0.000777495 0.018541478 0.072760418 -0.002103116 0.997347236 4.298261166
0.996819556 -0.017037768 -0.077849284 -0.008318990 0.017288428 0.999847293 0.002546954 0.018966533 0.077793993 -0.003884745 0.996961951 4.324730396
0.996439576 -0.015565802 -0.082859986 -0.010957867 0.016025132 0.999859631 0.004881231 0.019639123 0.082772389 -0.006191694 0.996549308 4.351834774
0.996077061 -0.013608937 -0.087437049 -0.013219684 0.014305605 0.999870658 0.007345926 0.019290494 0.087325782 -0.008567949 0.996142924 4.378078938
0.995742321 -0.011779087 -0.091425143 -0.015679538 0.012614699 0.999883652 0.008567379 0.019556228 0.091313593 -0.009684202 0.995775223 4.404311657
0.995491862 -0.010145629 -0.094302252 -0.018310279 0.010992863 0.999903560 0.008469093 0.019750481 0.094207242 -0.009467566 0.995507658 4.430093288
0.995348036 -0.007782429 -0.096029729 -0.021338522 0.008492276 0.999939501 0.006985467 0.019744106 0.095969573 -0.007768482 0.995353937 4.456408978
0.995294690 -0.006897359 -0.096647687 -0.024349838 0.007468440 0.999956667 0.005548389 0.020264832 0.096605226 -0.006244089 0.995303214 4.481805325
0.995277464 -0.004617320 -0.096960701 -0.026909292 0.005121102 0.999974668 0.004947511 0.019908942 0.096935391 -0.005420692 0.995275915 4.507069588
0.995344818 -0.003546814 -0.096312322 -0.029968709 0.003918152 0.999985576 0.003666710 0.020133641 0.096297920 -0.004027007 0.995344341 4.532730103
0.995368302 -0.003440586 -0.096073464 -0.032536149 0.003732265 0.999989092 0.002856471 0.020553268 0.096062578 -0.003201813 0.995370150 4.558723927
0.995488763 -0.002455888 -0.094847612 -0.034568459 0.002718583 0.999992847 0.002640535 0.020225961 0.094840452 -0.002886474 0.995488286 4.582933426
0.995662630 -0.001942282 -0.093016692 -0.037011564 0.002109640 0.999996364 0.001700937 0.020560492 0.093013048 -0.001889791 0.995663106 4.607728004
0.995886385 -0.001398360 -0.090599529 -0.039529651 0.001360937 0.999998987 -0.000474835 0.020996284 0.090600096 0.000349581 0.995887280 4.632488728
0.996166587 0.000605993 -0.087473400 -0.041718453 -0.000718221 0.999998987 -0.001251533 0.020649638 0.087472543 0.001309560 0.996166050 4.656384945
0.996485412 0.002475204 -0.083729640 -0.043882877 -0.002608164 0.999995530 -0.001478606 0.020866252 0.083725601 0.001691790 0.996487439 4.680176258
0.996880114 0.004793728 -0.078784540 -0.046268255 -0.004778415 0.999988496 0.000382902 0.020760586 0.078785472 -0.000005243 0.996891618 4.703461647
0.997264445 0.006794658 -0.073602743 -0.048042923 -0.006652385 0.999975502 0.002177965 0.021032717 0.073615715 -0.001682374 0.997285306 4.726345062
0.997712791 0.008150337 -0.067102730 -0.049562782 -0.007876287 0.999959528 0.004347594 0.020696687 0.067135461 -0.003809131 0.997736573 4.749275684
0.998192430 0.008356989 -0.059514932 -0.050890863 -0.008049480 0.999952972 0.005404771 0.020461034 0.059557289 -0.004915937 0.998212755 4.770696163
0.998631120 0.009913827 -0.051357746 -0.052560464 -0.009703188 0.999943495 0.004349138 0.020637883 0.051397957 -0.003844851 0.998670816 4.792598248
0.999005020 0.011716854 -0.043030083 -0.053575024 -0.011572595 0.999926448 0.003600130 0.020393232 0.043069109 -0.003098578 0.999067307 4.813614845
0.999328911 0.011929184 -0.034633096 -0.053813607 -0.011868469 0.999927580 0.001958180 0.020562112 0.034653954 -0.001545824 0.999398112 4.833570957
0.999602795 0.011786120 -0.025597703 -0.054202184 -0.011767539 0.999930382 0.000876328 0.020614712 0.025606256 -0.000574758 0.999671876 4.853231430
0.999812126 0.010803142 -0.016095137 -0.054308727 -0.010817209 0.999941170 -0.000787110 0.020446492 0.016085694 0.000961067 0.999870121 4.873073578
0.999903321 0.012576815 -0.005929610 -0.054139435 -0.012585076 0.999919891 -0.001357663 0.020240385 0.005912060 0.001432156 0.999981463 4.891430378
0.999897718 0.013539335 0.004612126 -0.053892978 -0.013526554 0.999904633 -0.002791223 0.020286381 -0.004649478 0.002728551 0.999985456 4.909572601
0.999807894 0.012938947 0.014724454 -0.053407617 -0.012880916 0.999908924 -0.004029229 0.020239200 -0.014775246 0.003838790 0.999883473 4.926491737
0.999640524 0.010278225 0.024758864 -0.052671514 -0.010143402 0.999933004 -0.005564884 0.019993845 -0.024814403 0.005311746 0.999677956 4.943653584
0.999383390 0.007417640 0.034319039 -0.051829875 -0.007224774 0.999957383 -0.005740354 0.020092519 -0.034360163 0.005488867 0.999394476 4.960010529
0.998999059 0.008634141 0.043886602 -0.051126882 -0.008456306 0.999955237 -0.004236141 0.019934190 -0.043921217 0.003860783 0.999027550 4.975769997
0.998503268 0.010358746 0.053701080 -0.050177485 -0.010263136 0.999945223 -0.002055865 0.020014126 -0.053719424 0.001501646 0.998555064 4.991334438
0.997989118 0.012307033 0.062178601 -0.049186945 -0.012305718 0.999924242 -0.000404108 0.019986983 -0.062178865 -0.000361857 0.998064995 5.006399632
0.997398078 0.011366908 0.071188472 -0.048152566 -0.011489957 0.999933064 0.001319222 0.019776627 -0.071168706 -0.002133742 0.997462034 5.021301270
0.996862113 0.007131693 0.078835018 -0.046387076 -0.007272597 0.999972403 0.001500356 0.019739857 -0.078822136 -0.002068983 0.996886551 5.034963608
