0.999999881 -0.000302243 0.000058380 -0.000364619 0.000302269 0.999999821 -0.000456326 0.000428414 -0.000058243 0.000456344 0.999999881 0.044508748
0.999999523 -0.000896310 -0.000114769 -0.000233676 0.000896335 0.999999523 0.000219880 0.000854278 0.000114571 -0.000219983 0.999999940 0.089410782
0.999999225 -0.001231602 0.000028748 -0.000465221 0.001231549 0.999997616 0.001787310 0.001077055 -0.000030950 -0.001787273 0.999998391 0.134041935
0.999999821 -0.000524961 -0.000005293 -0.000513960 0.000524969 0.999998391 0.001712342 0.001470121 0.000004394 -0.001712345 0.999998450 0.178926528
0.999999940 0.000185182 0.000020103 -0.000690996 -0.000185215 0.999998569 0.001665039 0.001716699 -0.000019795 -0.001665043 0.999998629 0.223745137
0.999999225 0.001246783 0.000016754 -0.000755063 -0.001246824 0.999995470 0.002750080 0.001782752 -0.000013325 -0.002750099 0.999996245 0.269021451
0.999999166 0.001258217 0.000058151 -0.000886058 -0.001258402 0.999993742 0.003302932 0.001944493 -0.000053995 -0.003303003 0.999994516 0.314298660
0.999998093 0.001934548 0.000049978 -0.000978083 -0.001934704 0.999992549 0.003344520 0.002396622 -0.000043507 -0.003344610 0.999994397 0.359882891
0.999998212 0.001877007 0.000332567 -0.001249822 -0.001878188 0.999991775 0.003588844 0.002464082 -0.000325828 -0.003589463 0.999993503 0.405575991
0.999994099 0.003335482 0.000803632 -0.001739430 -0.003337658 0.999990702 0.002721910 0.002997404 -0.000794546 -0.002724576 0.999995947 0.449724913
0.999992251 0.003776179 0.001079754 -0.001795031 -0.003778621 0.999990225 0.002269820 0.003193235 -0.001071172 -0.002273883 0.999996841 0.496340066
0.999989033 0.004180877 0.002113628 -0.002094943 -0.004187801 0.999985874 0.003282258 0.003520201 -0.002099876 -0.003291073 0.999992371 0.539533079
0.999984920 0.004758392 0.002722597 -0.002142048 -0.004768010 0.999982357 0.003537218 0.003734118 -0.002705717 -0.003550147 0.999989986 0.586104155
0.999989390 0.003522336 0.002973869 -0.002301704 -0.003533446 0.999986768 0.003738715 0.004158042 -0.002960661 -0.003749183 0.999988616 0.630734324
0.999987483 0.003046372 0.003971401 -0.002769103 -0.003061547 0.999988019 0.003820602 0.004928321 -0.003959714 -0.003832713 0.999984860 0.675058246
0.999985158 0.002865484 0.004618847 -0.002552771 -0.002889940 0.999981821 0.005296906 0.004832735 -0.004603585 -0.005310177 0.999975324 0.717938900
0.999979556 0.002970454 0.005652811 -0.002883303 -0.002994715 0.999986351 0.004288234 0.005463564 -0.005639995 -0.004305076 0.999974906 0.761833489
0.999979019 0.002901528 0.005796228 -0.002654061 -0.002922076 0.999989450 0.003539938 0.005660398 -0.005785896 -0.003556801 0.999976933 0.805484593
0.999977529 0.002723169 0.006130558 -0.002341866 -0.002739987 0.999992490 0.002736707 0.005986630 -0.006123058 -0.002753443 0.999977469 0.850412846
0.999971926 0.002912130 0.006897228 -0.002434502 -0.002935156 0.999990106 0.003330800 0.006119170 -0.006887462 -0.003350951 0.999970615 0.891600728
0.999965131 0.003263398 0.007688296 -0.002389126 -0.003292398 0.999987543 0.003762396 0.006320966 -0.007675922 -0.003787578 0.999963343 0.935203731
0.999958396 0.004013757 0.008189373 -0.002559173 -0.004047724 0.999983251 0.004135265 0.006796060 -0.008172638 -0.004168241 0.999957919 0.977635562
0.999944925 0.005299833 0.009057272 -0.002937101 -0.005316532 0.999984205 0.001820680 0.007271821 -0.009047480 -0.001868733 0.999957323 1.020317197
0.999934077 0.006277068 0.009620111 -0.002245442 -0.006285297 0.999979854 0.000825352 0.006998067 -0.009614736 -0.000885763 0.999953449 1.062104583
0.999934673 0.005694979 0.009912535 -0.001588370 -0.005718522 0.999980986 0.002348313 0.007306984 -0.009898972 -0.002404845 0.999948084 1.104325533
0.999935150 0.004594949 0.010419326 -0.001752347 -0.004654306 0.999973059 0.005679739 0.006650549 -0.010392947 -0.005727865 0.999929547 1.146198988
0.999937534 0.003762722 0.010530076 -0.000906720 -0.003830045 0.999972284 0.006380565 0.007275491 -0.010505775 -0.006420498 0.999924183 1.189234495
0.999941468 0.003109087 0.010365952 -0.000088747 -0.003166854 0.999979436 0.005561059 0.007719639 -0.010348450 -0.005593562 0.999930799 1.228462458
0.999952078 0.001605695 0.009671375 0.000406574 -0.001651817 0.999987245 0.004762704 0.008007068 -0.009663606 -0.004778451 0.999941885 1.271744609
0.999951899 0.001962235 0.009609200 0.000590838 -0.001990234 0.999993742 0.002904984 0.008345937 -0.009603440 -0.002923969 0.999949574 1.313702345
0.999944866 0.002029881 0.010302671 0.000052463 -0.002050831 0.999995768 0.002023246 0.008433001 -0.010298521 -0.002044264 0.999944866 1.352259040
0.999947071 0.002507546 0.009985174 0.000185273 -0.002523955 0.999995410 0.001631052 0.008370517 -0.009981037 -0.001656168 0.999948800 1.392661691
0.999953330 0.002212278 0.009408601 0.001029151 -0.002234975 0.999994636 0.002402564 0.008425879 -0.009403234 -0.002423480 0.999952853 1.431902647
0.999963820 0.002421131 0.008150215 0.001714797 -0.002449515 0.999990940 0.003474330 0.008189397 -0.008141727 -0.003494169 0.999960780 1.473427892
0.999964654 0.002540568 0.008020555 0.001255189 -0.002581469 0.999983668 0.005093349 0.008302052 -0.008007484 -0.005113874 0.999954879 1.512666106
0.999965847 0.003378171 0.007546371 0.001643083 -0.003425440 0.999974608 0.006259674 0.008231417 -0.007525031 -0.006285311 0.999951959 1.554185867
0.999975741 0.002640666 0.006449750 0.002593996 -0.002684364 0.999973416 0.006775909 0.008394116 -0.006431686 -0.006793058 0.999956250 1.593663931
0.999983907 0.001282632 0.005535638 0.003239466 -0.001318420 0.999978185 0.006466159 0.009475145 -0.005527224 -0.006473353 0.999963820 1.634528875
0.999982059 -0.000100167 0.005973873 0.002868128 0.000058228 0.999975324 0.007020156 0.008878879 -0.005974429 -0.007019684 0.999957561 1.671188593
0.999988794 -0.000088763 0.004737115 0.003100432 0.000055155 0.999974847 0.007094297 0.009036550 -0.004737626 -0.007093958 0.999963641 1.711334944
0.999990821 -0.000720194 0.004232812 0.003081045 0.000697169 0.999984920 0.005438716 0.009477683 -0.004236665 -0.005435715 0.999976277 1.750577331
0.999991775 0.000062003 0.004051421 0.002732867 -0.000078881 0.999991357 0.004165993 0.008895377 -0.004051127 -0.004166280 0.999983132 1.788813114
0.999995172 -0.000423745 0.003074474 0.003169829 0.000416947 0.999997437 0.002211477 0.009349788 -0.003075403 -0.002210184 0.999992847 1.828032255
0.999994814 0.000694778 0.003152014 0.003008247 -0.000703106 0.999996245 0.002641668 0.009643598 -0.003150166 -0.002643871 0.999991536 1.865286708
0.999993742 0.001775693 0.003064190 0.002662526 -0.001787252 0.999991298 0.003773792 0.009737802 -0.003057461 -0.003779245 0.999988198 1.903593183
0.999994397 0.002031008 0.002630313 0.003019279 -0.002045329 0.999982953 0.005453214 0.009330461 -0.002619193 -0.005458564 0.999981701 1.942481160
0.999997139 0.000721660 0.002268506 0.003325966 -0.000736503 0.999978244 0.006549015 0.009429781 -0.002263731 -0.006550668 0.999976039 1.980187058
0.999995351 0.001284570 0.002746904 0.002370523 -0.001305479 0.999970019 0.007623580 0.009210599 -0.002737029 -0.007627131 0.999967217 2.016860723
0.999998689 0.000383964 0.001550751 0.003681492 -0.000396877 0.999965310 0.008335085 0.010402429 -0.001547497 -0.008335690 0.999963999 2.055322409
0.999997199 0.001540583 0.001817604 0.002912555 -0.001555468 0.999965072 0.008217128 0.011600018 -0.001804882 -0.008219934 0.999964595 2.090957165
0.999998987 -0.000275050 0.001405173 0.003666593 0.000261360 0.999952555 0.009733714 0.010488934 -0.001407784 -0.009733334 0.999951661 2.127333403
0.999997437 0.001495445 0.001699795 0.003217396 -0.001510091 0.999961436 0.008647649 0.010744269 -0.001686797 -0.008650192 0.999961197 2.161253452
0.999998331 0.000967795 0.001521552 0.003625607 -0.000981197 0.999960542 0.008831968 0.010788408 -0.001512945 -0.008833447 0.999959826 2.195530415
0.999997497 0.000696700 0.002098628 0.003207528 -0.000713640 0.999967098 0.008082409 0.011058897 -0.002092927 -0.008083886 0.999965131 2.227744341
0.999997973 0.000736508 0.001838968 0.003933513 -0.000750922 0.999968886 0.007849443 0.010923286 -0.001833129 -0.007850808 0.999967515 2.260293722
0.999996245 0.001757454 0.002077586 0.003574759 -0.001774423 0.999964833 0.008193897 0.011010766 -0.002063113 -0.008197553 0.999964237 2.290927887
0.999994338 0.002620278 0.002115661 0.003807751 -0.002639470 0.999954879 0.009120362 0.011599989 -0.002091668 -0.009125894 0.999956191 2.320880890
0.999994338 0.002366357 0.002394436 0.003594488 -0.002388721 0.999953091 0.009381090 0.011792733 -0.002372125 -0.009386758 0.999953151 2.349344015
0.999994814 0.002023609 0.002501773 0.003889229 -0.002049096 0.999945521 0.010227365 0.011929673 -0.002480941 -0.010232438 0.999944568 2.377179861
0.999993026 0.002251599 0.002968920 0.003702418 -0.002284963 0.999933720 0.011282711 0.011699390 -0.002943319 -0.011289415 0.999931931 2.403846502
0.999993503 0.002072344 0.002955201 0.003821678 -0.002101677 0.999948144 0.009957273 0.012128470 -0.002934413 -0.009963416 0.999946058 2.429607630
0.999995112 0.001688792 0.002631633 0.004258011 -0.001711130 0.999962330 0.008509081 0.012482964 -0.002617163 -0.008513543 0.999960363 2.454164743
0.999994218 0.001730311 0.002929982 0.003976997 -0.001755545 0.999961138 0.008631861 0.012262327 -0.002914931 -0.008636955 0.999958456 2.477480412
0.999991596 0.001747843 0.003715081 0.003468968 -0.001775608 0.999970376 0.007483540 0.012444205 -0.003701892 -0.007490073 0.999965072 2.501881123
0.999996006 0.000100924 0.002825011 0.003862096 -0.000116629 0.999984562 0.005559654 0.012690235 -0.002824407 -0.005559961 0.999980509 2.523849010
0.999996662 0.000158670 0.002584668 0.003652256 -0.000170083 0.999990225 0.004416169 0.012477239 -0.002583942 -0.004416594 0.999986887 2.546412706
0.999998868 0.000510736 0.001433023 0.003739051 -0.000513986 0.999997258 0.002268365 0.012638578 -0.001431861 -0.002269099 0.999996364 2.568478584
0.999999404 0.000653819 0.000881093 0.003636184 -0.000655844 0.999997079 0.002300586 0.012678018 -0.000879587 -0.002301162 0.999996960 2.589747667
0.999999285 0.001188157 0.000266400 0.002989388 -0.001189046 0.999993682 0.003360317 0.012477320 -0.000262406 -0.003360631 0.999994338 2.611160040
0.999999464 0.000522900 -0.000901031 0.003419295 -0.000519709 0.999993622 0.003537936 0.012793142 0.000902876 -0.003537466 0.999993324 2.632060528
0.999997079 0.001600378 -0.001847206 0.003403972 -0.001590859 0.999985576 0.005142880 0.012518290 0.001855409 -0.005139926 0.999985039 2.652706623
0.999996960 0.001593674 -0.001878161 0.002961801 -0.001583456 0.999984026 0.005429491 0.012987443 0.001886784 -0.005426500 0.999983490 2.673011541
0.999993920 0.002128748 -0.002761049 0.002941460 -0.002111105 0.999977529 0.006377028 0.013040192 0.002774562 -0.006371160 0.999975860 2.692285299
0.999992847 0.002844477 -0.002497845 0.002509707 -0.002828036 0.999974489 0.006560979 0.013585090 0.002516444 -0.006553868 0.999975383 2.711743593
0.999996245 0.001475125 -0.002273610 0.002265278 -0.001458779 0.999973178 0.007174291 0.013738216 0.002284132 -0.007170949 0.999971688 2.729229689
0.999990880 0.002833439 -0.003195755 0.002377189 -0.002810334 0.999970078 0.007211207 0.013775378 0.003216092 -0.007202161 0.999968886 2.747675657
0.999991238 0.002909096 -0.003001237 0.002065985 -0.002886597 0.999967933 0.007473920 0.013847107 0.003022883 -0.007465191 0.999967575 2.764943600
0.999989390 0.002999933 -0.003464706 0.002104399 -0.002972152 0.999963641 0.007995814 0.014002137 0.003488566 -0.007985433 0.999962091 2.781855822
0.999988377 0.004102391 -0.002524712 0.001537155 -0.004081259 0.999957025 0.008318963 0.014142283 0.002558731 -0.008308561 0.999962211 2.796563148
0.999987066 0.004554921 -0.002239452 0.001523715 -0.004536778 0.999957442 0.008041054 0.014266756 0.002275983 -0.008030792 0.999965191 2.810951710
0.999989212 0.004332146 -0.001640923 0.001304944 -0.004318549 0.999957025 0.008201418 0.014366877 0.001676382 -0.008194243 0.999965012 2.825173140
0.999990344 0.004147181 -0.001437687 0.001283023 -0.004135828 0.999960959 0.007811239 0.014502129 0.001470025 -0.007805218 0.999968410 2.838268757
0.999990582 0.004096960 -0.001382904 0.001331722 -0.004086546 0.999963820 0.007451746 0.014602711 0.001413384 -0.007446025 0.999971211 2.850859642
0.999992549 0.003694606 -0.001074597 0.001293445 -0.003687733 0.999973178 0.006329151 0.014862342 0.001097952 -0.006325141 0.999979377 2.862727165
0.999987781 0.004907197 -0.000606806 0.000729704 -0.004904097 0.999975443 0.005007755 0.014698245 0.000631365 -0.005004718 0.999987245 2.874859571
0.999987125 0.005037883 -0.000588896 0.000830786 -0.005035614 0.999980092 0.003793352 0.014808947 0.000607995 -0.003790337 0.999992609 2.885706663
0.999988496 0.004766188 -0.000577404 0.000868212 -0.004764115 0.999982417 0.003539184 0.014586354 0.000594262 -0.003536392 0.999993622 2.897617579
0.999988496 0.004763905 -0.000488625 0.000634668 -0.004762271 0.999983251 0.003291809 0.014692970 0.000504299 -0.003289445 0.999994457 2.909831047
0.999989510 0.004561977 -0.000397563 -0.000107574 -0.004560812 0.999985456 0.002881884 0.014980470 0.000410704 -0.002880041 0.999995768 2.921824217
0.999989033 0.004642486 -0.000634481 0.000060517 -0.004640477 0.999984324 0.003130952 0.014937560 0.000649007 -0.003127974 0.999994874 2.932528496
0.999990046 0.004305907 -0.001110322 0.000198660 -0.004302373 0.999985754 0.003165781 0.014990664 0.001123937 -0.003160972 0.999994397 2.943224192
0.999990225 0.004115109 -0.001572059 0.000398363 -0.004110654 0.999987543 0.002826476 0.015071006 0.001583671 -0.002819986 0.999994814 2.954464912
0.999990880 0.004013369 -0.001397632 -0.000102336 -0.004010235 0.999989450 0.002237352 0.014953537 0.001406597 -0.002231726 0.999996543 2.964672089
0.999990463 0.004022637 -0.001766793 0.000078587 -0.004019442 0.999990284 0.001808909 0.015321860 0.001774052 -0.001801790 0.999996722 2.976033926
0.999989629 0.004277342 -0.001584677 -0.000490756 -0.004273857 0.999988437 0.002195478 0.015350303 0.001594049 -0.002188682 0.999996305 2.986356974
0.999989986 0.003794859 -0.002375290 0.000110037 -0.003789518 0.999990284 0.002248544 0.015425107 0.002383799 -0.002239521 0.999994636 2.997369766
0.999988139 0.004063000 -0.002678395 -0.000113528 -0.004055289 0.999987602 0.002877593 0.015073507 0.002690053 -0.002866698 0.999992311 3.007411718
0.999988556 0.003687364 -0.003065134 -0.000072246 -0.003676992 0.999987483 0.003382593 0.015151257 0.003077568 -0.003371284 0.999989569 3.017330170
0.999986768 0.003915374 -0.003310244 0.000097625 -0.003902263 0.999984562 0.003957744 0.014629383 0.003325688 -0.003944775 0.999986708 3.027271986
0.999985754 0.003831544 -0.003697533 0.000055720 -0.003818363 0.999986351 0.003564931 0.015013334 0.003711142 -0.003550762 0.999986827 3.037050247
0.999985754 0.003834910 -0.003684695 -0.000249915 -0.003821545 0.999985993 0.003627634 0.014964656 0.003698556 -0.003613501 0.999986649 3.046297789
0.999988556 0.003291237 -0.003436677 -0.000698905 -0.003277794 0.999986887 0.003910033 0.015002625 0.003449501 -0.003898723 0.999986470 3.054657936
0.999989212 0.002531933 -0.003871897 -0.000446547 -0.002514448 0.999986529 0.004514135 0.014838148 0.003883274 -0.004504351 0.999982297 3.063765287
0.999987841 0.002152624 -0.004434581 -0.000012088 -0.002131548 0.999986410 0.004751892 0.014977043 0.004444750 -0.004742382 0.999978900 3.071395636
0.999992192 0.001553815 -0.003639796 -0.000905263 -0.001534353 0.999984562 0.005343729 0.014918350 0.003648042 -0.005338103 0.999979079 3.077523708
0.999991119 0.002212591 -0.003610460 -0.000926591 -0.002192339 0.999981940 0.005603566 0.015157077 0.003622793 -0.005595601 0.999977708 3.084334612
0.999989212 0.002859869 -0.003649583 -0.001201273 -0.002837690 0.999977529 0.006067637 0.015115729 0.003666854 -0.006057216 0.999974966 3.090286732
0.999987483 0.003078564 -0.003930034 -0.001218408 -0.003052824 0.999973953 0.006538749 0.015081156 0.003950061 -0.006526669 0.999970853 3.095337868
0.999988019 0.002859737 -0.003973831 -0.001108924 -0.002834586 0.999975979 0.006320347 0.015082959 0.003991811 -0.006309007 0.999972105 3.099754810
0.999987304 0.002908898 -0.004105305 -0.001221516 -0.002886759 0.999981225 0.005388387 0.015079711 0.004120904 -0.005376468 0.999977052 3.103732586
0.999985874 0.002729322 -0.004565645 -0.000997942 -0.002708702 0.999986053 0.004516429 0.015219043 0.004577908 -0.004503998 0.999979377 3.107482195
0.999985158 0.003205664 -0.004421625 -0.001188355 -0.003186399 0.999985397 0.004357226 0.015062176 0.004435528 -0.004343072 0.999980748 3.110978127
0.999984205 0.003089131 -0.004694974 -0.001039106 -0.003067955 0.999985099 0.004510893 0.015133379 0.004708836 -0.004496417 0.999978781 3.114495754
0.999985099 0.002584373 -0.004798024 -0.001090970 -0.002561744 0.999985576 0.004716566 0.014946337 0.004810143 -0.004704205 0.999977350 3.117216587
0.999985337 0.002503460 -0.004789766 -0.001018495 -0.002480087 0.999985039 0.004879577 0.014993787 0.004801909 -0.004867628 0.999976695 3.120180607
0.999985039 0.002693121 -0.004763964 -0.001105984 -0.002671084 0.999985695 0.004625956 0.015116156 0.004776354 -0.004613163 0.999977887 3.122588873
0.999984622 0.002621980 -0.004887226 -0.001192065 -0.002600435 0.999986947 0.004409629 0.014993347 0.004898724 -0.004396854 0.999978304 3.124424219
0.999982834 0.003272121 -0.004866162 -0.001239669 -0.003255559 0.999988914 0.003407574 0.015358359 0.004877258 -0.003391674 0.999982357 3.126653433
0.999983728 0.003171895 -0.004729976 -0.001217521 -0.003157377 0.999990284 0.003073777 0.015327437 0.004739680 -0.003058793 0.999984086 3.128565311
0.999983132 0.003187921 -0.004859226 -0.001355045 -0.003172805 0.999990165 0.003115253 0.015268975 0.004869109 -0.003099782 0.999983370 3.130361557
0.999983013 0.002966598 -0.005023284 -0.001182002 -0.002950382 0.999990463 0.003232582 0.015304420 0.005032825 -0.003217706 0.999982178 3.132335186
0.999984741 0.002950877 -0.004692438 -0.001450879 -0.002936592 0.999991059 0.003048218 0.015481341 0.004701390 -0.003034391 0.999984324 3.133940697
0.999982893 0.003122185 -0.004924715 -0.001418303 -0.003106619 0.999990165 0.003165326 0.015481663 0.004934550 -0.003149972 0.999982834 3.135434628
0.999982715 0.003321315 -0.004856757 -0.001462403 -0.003305248 0.999989092 0.003312377 0.015520064 0.004867706 -0.003296266 0.999982655 3.136608362
0.999981821 0.003054682 -0.005190177 -0.001329263 -0.003038198 0.999990344 0.003181007 0.015568858 0.005199844 -0.003165180 0.999981403 3.137658596
0.999983132 0.003101495 -0.004896482 -0.001451044 -0.003084934 0.999989510 0.003386045 0.015567170 0.004906932 -0.003370883 0.999982297 3.138304234
0.999983072 0.003098831 -0.004909202 -0.001421598 -0.003080837 0.999988496 0.003668671 0.015478292 0.004920515 -0.003653484 0.999981225 3.138579130
0.999983549 0.003246347 -0.004731645 -0.001584542 -0.003229146 0.999988198 0.003638381 0.015506872 0.004743400 -0.003623041 0.999982178 3.138560772
0.999983072 0.003026591 -0.004965165 -0.001434528 -0.003009471 0.999989510 0.003451907 0.015470352 0.004975560 -0.003436905 0.999981642 3.138410091
0.999984026 0.002867585 -0.004850144 -0.001527285 -0.002856317 0.999993205 0.002328595 0.015504591 0.004856789 -0.002314704 0.999985516 3.138446569
0.999984562 0.002593528 -0.004897751 -0.001420299 -0.002584591 0.999994993 0.001830142 0.015427412 0.004902472 -0.001817454 0.999986291 3.138341665
0.999985158 0.002542761 -0.004824472 -0.001514796 -0.002532865 0.999994695 0.002056354 0.015542815 0.004829676 -0.002044103 0.999986172 3.138376236
0.999984145 0.002552240 -0.005022486 -0.001335408 -0.002542861 0.999994993 0.001873027 0.015464252 0.005027242 -0.001860225 0.999985576 3.138321638
0.999983907 0.002799623 -0.004916446 -0.001473764 -0.002794135 0.999995410 0.001122830 0.015385591 0.004919568 -0.001109075 0.999987185 3.138473272
0.999984264 0.002872164 -0.004806197 -0.001518955 -0.002868434 0.999995530 0.000782746 0.015495203 0.004808424 -0.000768947 0.999988079 3.138581276
0.999983072 0.002600045 -0.005218897 -0.001237186 -0.002595145 0.999996185 0.000945521 0.015366354 0.005221334 -0.000931961 0.999985993 3.139275551
0.999984324 0.002595678 -0.004974809 -0.001397277 -0.002590524 0.999996066 0.001042219 0.015322061 0.004977494 -0.001029314 0.999987185 3.139477253
0.999985933 0.002579724 -0.004651698 -0.001710103 -0.002574211 0.999995947 0.001190922 0.015317468 0.004654752 -0.001178931 0.999988556 3.139882565
0.999986589 0.002901673 -0.004291573 -0.002056200 -0.002897042 0.999995291 0.001084771 0.015353126 0.004294700 -0.001072323 0.999990225 3.140408278
0.999988794 0.002801705 -0.003815092 -0.002542521 -0.002797555 0.999995530 0.001092640 0.015346209 0.003818136 -0.001081955 0.999992192 3.141003132
0.999984086 0.002475821 -0.005059447 -0.001418500 -0.002470730 0.999996364 0.001012370 0.015239580 0.005061935 -0.000999853 0.999986708 3.143041134
0.999986410 0.002429554 -0.004611107 -0.002012137 -0.002426673 0.999996781 0.000630525 0.015215931 0.004612624 -0.000619327 0.999989271 3.143827200
0.999989867 0.002242755 -0.003869840 -0.002929662 -0.002243398 0.999997377 -0.000161769 0.015250433 0.003869468 0.000170449 0.999992549 3.145018816
0.999989271 0.002828606 -0.003662523 -0.003887347 -0.002832325 0.999995410 -0.001010532 0.015272168 0.003659648 0.001020895 0.999992847 3.146232367
0.999984026 0.002462102 -0.005091215 -0.001504800 -0.002472269 0.999994874 -0.001991785 0.015478216 0.005086286 0.002004340 0.999985039 3.150741339
0.999983430 0.002496907 -0.005184344 -0.000996953 -0.002510221 0.999993503 -0.002563266 0.015486428 0.005177911 0.002576237 0.999983251 3.154376984
0.999984920 0.002276477 -0.004994002 -0.000987840 -0.002291429 0.999992847 -0.002990284 0.015513898 0.004987160 0.003001682 0.999983013 3.158081770
0.999986351 0.002040982 -0.004806074 -0.001158755 -0.002054265 0.999993980 -0.002760518 0.015396220 0.004800411 0.002770354 0.999984622 3.162293911
0.999988735 0.002349354 -0.004133414 -0.001686397 -0.002362777 0.999991775 -0.003245575 0.015508263 0.004125755 0.003255305 0.999986172 3.166693449
0.999989271 0.002533222 -0.003887686 -0.001685118 -0.002549368 0.999988019 -0.004153634 0.015757935 0.003877118 0.004163501 0.999983847 3.172171831
0.999990821 0.002148193 -0.003704771 -0.001522331 -0.002164219 0.999988139 -0.004327262 0.015572894 0.003695432 0.004335242 0.999983788 3.178361893
0.999994218 0.001900852 -0.002838350 -0.001897466 -0.001916117 0.999983668 -0.005385370 0.015838116 0.002828067 0.005390779 0.999981582 3.185437202
0.999995530 0.001351729 -0.002674496 -0.001732188 -0.001367355 0.999982059 -0.005849192 0.015713422 0.002666542 0.005852823 0.999979317 3.193335295
0.999995828 0.001955854 -0.002119521 -0.002126314 -0.001969705 0.999976575 -0.006552564 0.015760357 0.002106655 0.006556712 0.999976337 3.201775551
0.999996483 0.001792195 -0.001980104 -0.001718768 -0.001805856 0.999974430 -0.006919150 0.015925007 0.001967653 0.006922701 0.999974072 3.211629391
0.999997199 0.002163688 -0.001034009 -0.002041592 -0.002170967 0.999972403 -0.007090877 0.015869511 0.001018638 0.007093101 0.999974370 3.221725225
0.999998510 0.001565431 -0.000700950 -0.001684666 -0.001570461 0.999972522 -0.007232935 0.015970381 0.000689608 0.007234024 0.999973595 3.232839823
0.999999523 0.000931161 -0.000330594 -0.001795877 -0.000933602 0.999971688 -0.007462428 0.016035402 0.000323636 0.007462733 0.999972105 3.244874477
0.999999285 0.001001902 0.000576163 -0.002141161 -0.000997459 0.999970078 -0.007661527 0.016159743 -0.000583822 0.007660947 0.999970496 3.257969618
0.999997377 0.002061676 0.001052110 -0.001963177 -0.002053062 0.999964833 -0.008124357 0.016182823 -0.001068823 0.008122176 0.999966443 3.272246599
0.999997973 0.001334523 0.001507385 -0.001896892 -0.001321679 0.999963105 -0.008489347 0.015839273 -0.001518658 0.008487337 0.999962807 3.286535740
0.999996841 0.001188169 0.002209610 -0.001914434 -0.001169719 0.999964595 -0.008332592 0.015856162 -0.002219433 0.008329980 0.999962866 3.302110195
0.999995649 0.000283969 0.002941497 -0.001903131 -0.000259740 0.999966085 -0.008234401 0.015968747 -0.002943735 0.008233601 0.999961734 3.318420887
0.999992132 0.000508765 0.003919420 -0.002057619 -0.000477116 0.999967277 -0.008071413 0.015885411 -0.003923398 0.008069478 0.999959767 3.334986687
0.999990284 0.000301370 0.004426654 -0.001841613 -0.000266116 0.999968290 -0.007962360 0.015723377 -0.004428914 0.007961104 0.999958515 3.353179932
0.999986351 0.000346281 0.005219895 -0.001496628 -0.000302581 0.999965012 -0.008370352 0.015990000 -0.005222610 0.008368658 0.999951422 3.372247458
0.999980450 -0.000255639 0.006254719 -0.001389276 0.000313219 0.999957621 -0.009206603 0.016196854 -0.006252100 0.009208381 0.999938071 3.391647339
0.999972582 -0.000723483 0.007374394 -0.001584798 0.000787331 0.999962270 -0.008658777 0.016207751 -0.007367851 0.008664345 0.999935389 3.411150932
0.999967039 0.000754426 0.008095944 -0.001329528 -0.000694206 0.999972105 -0.007438649 0.016183818 -0.008101329 0.007432783 0.999939561 3.433374166
0.999957323 0.001102259 0.009173259 -0.001318581 -0.001044429 0.999979615 -0.006306537 0.016442483 -0.009180022 0.006296688 0.999938011 3.454955816
0.999947488 0.001022896 0.010194644 -0.001138370 -0.000962548 0.999982059 -0.005922662 0.016168505 -0.010200519 0.005912539 0.999930501 3.477079630
0.999936998 0.000425465 0.011221563 -0.001466103 -0.000365842 0.999985814 -0.005314786 0.015978487 -0.011223665 0.005310346 0.999922872 3.500047684
0.999927759 0.000903818 0.011982035 -0.000569213 -0.000844539 0.999987364 -0.004951437 0.016167574 -0.011986357 0.004940960 0.999915957 3.522947788
0.999914885 0.002000161 0.012892258 0.000110339 -0.001941807 0.999987841 -0.004537208 0.016520353 -0.012901176 0.004511788 0.999906600 3.547574520
0.999904394 0.001180639 0.013778068 0.000555985 -0.001121298 0.999990046 -0.004313855 0.016589282 -0.013783024 0.004297994 0.999895811 3.572219610
0.999894202 0.001456170 0.014477035 0.001047883 -0.001391037 0.999988794 -0.004508127 0.016545096 -0.014483438 0.004487511 0.999884963 3.597090483
0.999872625 0.001061553 0.015924430 0.001187485 -0.000992751 0.999990165 -0.004327821 0.017239187 -0.015928868 0.004311461 0.999863803 3.624460936
0.999850214 0.000248939 0.017303852 0.001124710 -0.000173355 0.999990463 -0.004369419 0.017225396 -0.017304774 0.004365765 0.999840677 3.650556087
0.999841571 0.000101923 0.017796025 0.001724593 -0.000016625 0.999988496 -0.004793175 0.017091533 -0.017796308 0.004792121 0.999830067 3.677835703
0.999841094 -0.000115960 0.017827008 0.002690069 0.000202354 0.999988198 -0.004844474 0.017350167 -0.017826241 0.004847312 0.999829233 3.705410242
0.999834597 0.000156482 0.018181968 0.002850518 -0.000050970 0.999983072 -0.005803440 0.017889235 -0.018182568 0.005801553 0.999817848 3.733559132
0.999830782 -0.001813809 0.018300124 0.002832167 0.001926178 0.999979436 -0.006124627 0.018092968 -0.018288635 0.006158841 0.999813795 3.763140678
0.999826729 -0.001656336 0.018543012 0.003751084 0.001758527 0.999983370 -0.005496056 0.017775677 -0.018533602 0.005527711 0.999812961 3.790337086
0.999813735 -0.002391773 0.019145397 0.003836565 0.002475349 0.999987483 -0.004342866 0.018121034 -0.019134769 0.004389449 0.999807298 3.821016312
0.999819577 -0.001458437 0.018938826 0.004761167 0.001512769 0.999994755 -0.002854854 0.017901048 -0.018934565 0.002882989 0.999816597 3.851048231
0.999822438 -0.001793856 0.018757787 0.006197222 0.001802733 0.999998331 -0.000456315 0.017114170 -0.018756934 0.000490050 0.999823928 3.876976252
0.999813318 -0.002193155 0.019193977 0.005256325 0.002195706 0.999997556 -0.000111815 0.018062925 -0.019193681 0.000153937 0.999815822 3.909734011
0.999823511 -0.002895069 0.018560845 0.006261177 0.002889309 0.999995708 0.000337103 0.018384306 -0.018561745 -0.000283416 0.999827743 3.939481974
0.999825478 -0.001556469 0.018612819 0.006240271 0.001567196 0.999998569 -0.000561760 0.018704861 -0.018611919 0.000590832 0.999826550 3.970206738
0.999822795 -0.001891942 0.018723380 0.006177798 0.001903606 0.999998033 -0.000605182 0.018348280 -0.018722201 0.000640717 0.999824464 3.998264313
0.999834776 -0.001028068 0.018141598 0.007214479 0.001050727 0.999998689 -0.001239483 0.018963451 -0.018140299 0.001258340 0.999834657 4.030524731
0.999821126 -0.002569154 0.018735182 0.006738476 0.002588679 0.999996185 -0.001017933 0.018288370 -0.018732494 0.001066250 0.999823928 4.061927319
0.999836028 -0.001023090 0.018077891 0.008281104 0.001053258 0.999998212 -0.001659384 0.019181674 -0.018076159 0.001678152 0.999835134 4.092108727
0.999846041 -0.001466069 0.017487634 0.009144671 0.001514159 0.999995172 -0.002737014 0.019693311 -0.017483536 0.002763072 0.999843299 4.124094009
0.999859512 -0.002148138 0.016617460 0.009247195 0.002188007 0.999994814 -0.002381381 0.019794531 -0.016612258 0.002417405 0.999859035 4.155625343
0.999877632 -0.003354284 0.015286363 0.009517930 0.003374722 0.999993443 -0.001311427 0.019562867 -0.015281864 0.001362853 0.999882221 4.185575008
0.999903440 -0.005152941 0.012905201 0.009824701 0.005156891 0.999986649 -0.000272835 0.019745642 -0.012903622 0.000339359 0.999916673 4.218084335
0.999928355 -0.005724095 0.010510407 0.010150790 0.005717995 0.999983430 0.000610354 0.019460429 -0.010513728 -0.000550211 0.999944508 4.249585152
0.999954820 -0.005736661 0.007573960 0.009919513 0.005727753 0.999982834 0.001197390 0.019774269 -0.007580698 -0.001153954 0.999970555 4.281668186
0.999963582 -0.007245382 0.004530243 0.010981928 0.007235950 0.999971628 0.002094825 0.019593256 -0.004545292 -0.002061968 0.999987543 4.310678005
0.999971986 -0.007464477 0.000498971 0.011714722 0.007463468 0.999970198 0.001993127 0.019492988 -0.000513835 -0.001989347 0.999997914 4.342108250
0.999953806 -0.008574265 -0.004333683 0.011642247 0.008582924 0.999961257 0.001983595 0.019427087 0.004316507 -0.002020700 0.999988675 4.375145912
0.999929488 -0.008551410 -0.008234428 0.009554673 0.008565166 0.999961972 0.001636591 0.019886939 0.008220120 -0.001707005 0.999964714 4.406047344
0.999876142 -0.009022095 -0.012895026 0.009697318 0.009039784 0.999958277 0.001314143 0.020457752 0.012882632 -0.001430548 0.999916017 4.434277534
0.999788225 -0.009902820 -0.018040901 0.008521400 0.009946573 0.999947786 0.002337185 0.021320650 0.018016815 -0.002516135 0.999834538 4.464851379
0.999687791 -0.009488627 -0.023115624 0.007854030 0.009561027 0.999949753 0.003023556 0.021457296 0.023085773 -0.003243621 0.999728262 4.496203423
0.999524176 -0.010120595 -0.029136106 0.007252008 0.010231889 0.999940813 0.003673290 0.021059562 0.029097207 -0.003969660 0.999568760 4.527526379
0.999237537 -0.014454528 -0.036270030 0.006011337 0.014585596 0.999888003 0.003351677 0.022466911 0.036217526 -0.003878141 0.999336362 4.560354710
0.999000967 -0.013897866 -0.042472500 0.005651221 0.014021431 0.999898255 0.002612765 0.021422219 0.042431865 -0.003205680 0.999094188 4.588563442
0.998751044 -0.012869389 -0.048276633 0.002211809 0.012945965 0.999915361 0.001273815 0.019944873 0.048256144 -0.001897211 0.998833239 4.620832443
0.998397648 -0.014960804 -0.054573413 0.001952976 0.014990591 0.999887645 0.000136509 0.021539606 0.054565240 -0.000954378 0.998509765 4.647414207
0.997965276 -0.015201684 -0.061921474 0.001505494 0.015191187 0.999884427 -0.000640373 0.021225853 0.061924055 -0.000301590 0.998080790 4.677666187
0.997562468 -0.016057130 -0.067905247 -0.001912028 0.016012585 0.999871075 -0.001200287 0.021421410 0.067915775 0.000110023 0.997691095 4.708854198
0.997128308 -0.016367089 -0.073940873 -0.003924817 0.016371872 0.999865770 -0.000541477 0.021526881 0.073939830 -0.000670628 0.997262478 4.738840580
0.996709824 -0.015659058 -0.079525694 -0.006194621 0.015815256 0.999873996 0.001334612 0.022111062 0.079494774 -0.002587940 0.996831954 4.768835545
0.996379018 -0.013432579 -0.083955020 -0.009440660 0.013837872 0.999895215 0.004247433 0.021690907 0.083889179 -0.005393811 0.996460617 4.797778130
0.995988727 -0.011577837 -0.088727504 -0.011906624 0.012218126 0.999903023 0.006676611 0.021686247 0.088641606 -0.007733913 0.996033669 4.827010632
0.995651245 -0.010392716 -0.092577629 -0.014877439 0.011172526 0.999906301 0.007908985 0.022025298 0.092486769 -0.008908917 0.995674074 4.855875015
0.995437145 -0.008017052 -0.095081747 -0.018268585 0.008792639 0.999931395 0.007740881 0.022006290 0.095013157 -0.008541582 0.995439351 4.884765625
0.995302141 -0.005849218 -0.096640989 -0.021317959 0.006456233 0.999961317 0.005969617 0.022268668 0.096602328 -0.006565509 0.995301425 4.912971973
0.995184124 -0.004074280 -0.097938418 -0.024261117 0.004595472 0.999976516 0.005096634 0.022401271 0.097915351 -0.005522163 0.995179474 4.941311359
0.995140970 -0.003083499 -0.098411471 -0.027334958 0.003469137 0.999986947 0.003747753 0.022523379 0.098398626 -0.004070945 0.995138705 4.970092773
0.995209515 -0.002348566 -0.097737178 -0.030603379 0.002561868 0.999994636 0.002056967 0.023418842 0.097731821 -0.002297502 0.995210052 4.998048306
0.995218992 -0.001636190 -0.097654454 -0.032857865 0.001842059 0.999996305 0.002018017 0.022775924 0.097650781 -0.002188254 0.995218337 5.025914192
0.995363832 -0.000738208 -0.096178301 -0.035872638 0.000871377 0.999998748 0.001342610 0.023039307 0.096177183 -0.001420193 0.995363235 5.053764820
0.995563447 -0.000372444 -0.094091475 -0.038272023 0.000447374 0.999999642 0.000775263 0.022935729 0.094091132 -0.000813917 0.995563328 5.080480576
0.995753765 0.000393015 -0.092056416 -0.040646166 -0.000508745 0.999999166 -0.001233699 0.023122977 0.092055850 0.001275294 0.995753109 5.107225895
0.996077120 0.002382588 -0.088457100 -0.043889672 -0.002578113 0.999994457 -0.002096201 0.022837613 0.088451602 0.002316030 0.996077776 5.134663105
0.996364832 0.004532853 -0.085069016 -0.046061516 -0.004734382 0.999986410 -0.002167427 0.022988062 0.085058033 0.002562298 0.996372640 5.160905838
0.996733963 0.007015329 -0.080449842 -0.048029900 -0.007071816 0.999974847 -0.000417235 0.022722429 0.080444902 0.000984799 0.996758521 5.186639786
0.997188866 0.008950380 -0.074392445 -0.050769985 -0.008866134 0.999959648 0.001462621 0.022704558 0.074402533 -0.000798936 0.997227967 5.212463379
0.997633457 0.010069760 -0.068014987 -0.052283555 -0.009855071 0.999945402 0.003491289 0.022575796 0.068046413 -0.002812734 0.997678161 5.237652779
0.998092473 0.009455092 -0.061009403 -0.053497076 -0.009205661 0.999948084 0.004368214 0.022399588 0.061047524 -0.003798249 0.998127639 5.262443542
0.998521268 0.011376503 -0.053159185 -0.055135012 -0.011207561 0.999931157 0.003475064 0.022549193 0.053195067 -0.002874140 0.998579979 5.286876678
0.998917818 0.012922091 -0.044680461 -0.056644931 -0.012846756 0.999915540 0.001972879 0.022871673 0.044702187 -0.001396745 0.998999417 5.310015678
0.999256968 0.013550140 -0.036082059 -0.057237625 -0.013542281 0.999908209 0.000462223 0.023016483 0.036085017 0.000026753 0.999348700 5.332845211
0.999534249 0.014372189 -0.026921201 -0.057667829 -0.014376462 0.999896586 0.000034800 0.022499731 0.026918920 0.000352248 0.999637544 5.355776310
0.999767303 0.013220271 -0.017042544 -0.058071893 -0.013254681 0.999910235 -0.001907675 0.022565454 0.017015796 0.002133124 0.999852955 5.377488136
0.999869883 0.014513774 -0.007042220 -0.057879683 -0.014535841 0.999889493 -0.003092684 0.022528978 0.006996552 0.003194646 0.999970376 5.398773193
0.999880850 0.014999976 0.003649462 -0.057927325 -0.014984638 0.999878943 -0.004194431 0.022249145 -0.003711936 0.004139245 0.999984562 5.418215752
0.999802053 0.014413152 0.013717997 -0.057270221 -0.014342739 0.999883473 -0.005217494 0.022194494 -0.013791599 0.005019708 0.999892294 5.437494278
0.999637723 0.012124087 0.024030814 -0.056692973 -0.011967136 0.999906182 -0.006664366 0.021871191 -0.024109360 0.006374370 0.999689043 5.456016064
0.999399543 0.009602369 0.033289179 -0.055742085 -0.009366808 0.999929965 -0.007224873 0.022228580 -0.033356227 0.006908721 0.999419570 5.474471569
0.999023557 0.010114223 0.043006461 -0.054824471 -0.009867658 0.999933660 -0.005941604 0.022189226 -0.043063708 0.005511430 0.999057055 5.492306709
0.998545945 0.012261243 0.052494317 -0.053696662 -0.012065489 0.999919057 -0.004044313 0.022443466 -0.052539654 0.003405063 0.998613000 5.509931087
0.998018563 0.014279742 0.061277054 -0.052724123 -0.014196173 0.999897540 -0.001798960 0.021780118 -0.061296474 0.000925494 0.998119175 5.526205063
0.997489214 0.012824232 0.069646738 -0.051320612 -0.012838237 0.999917567 -0.000246501 0.021805495 -0.069644138 -0.000648259 0.997571707 5.542717934
0.996913254 0.008857166 0.078009792 -0.049981683 -0.008890709 0.999960542 0.000082716 0.021730773 -0.078005970 -0.000776023 0.996952593 5.558361530
