0.999999940 -0.000315405 -0.000064298 -0.000195660 0.000315369 0.999999762 -0.000564839 0.000355289 0.000064476 0.000564819 0.999999821 0.037051626
0.999999702 -0.000881763 -0.000313060 -0.000070300 0.000881830 0.999999523 0.000214494 0.000659543 0.000312871 -0.000214770 0.999999940 0.074152321
0.999999166 -0.001278498 -0.000252400 -0.000206778 0.001278922 0.999997735 0.001685225 0.000910606 0.000250245 -0.001685546 0.999998569 0.111099474
0.999999821 -0.000396486 -0.000262746 -0.000281164 0.000396893 0.999998689 0.001552928 0.001253605 0.000262130 -0.001553033 0.999998748 0.148358166
0.999999940 0.000175111 -0.000281495 -0.000434705 -0.000174674 0.999998808 0.001551312 0.001470436 0.000281766 -0.001551262 0.999998748 0.185466886
0.999999464 0.000925043 -0.000454025 -0.000409300 -0.000923730 0.999995410 0.002883926 0.001349987 0.000456690 -0.002883505 0.999995768 0.222928166
0.999999106 0.001234722 -0.000528809 -0.000454622 -0.001233069 0.999994338 0.003115137 0.001706158 0.000532653 -0.003114482 0.999994993 0.260315329
0.999998331 0.001813570 -0.000493440 -0.000519400 -0.001811902 0.999992728 0.003358577 0.001932888 0.000499527 -0.003357677 0.999994218 0.297754437
0.999998569 0.001646503 -0.000248373 -0.000770684 -0.001645638 0.999992669 0.003443622 0.002132558 0.000254041 -0.003443209 0.999994040 0.335997999
0.999995947 0.002854100 -0.000033940 -0.000775194 -0.002853995 0.999992132 0.002764565 0.002489049 0.000041830 -0.002764457 0.999996185 0.371701598
0.999993742 0.003548011 0.000175617 -0.000880011 -0.003548361 0.999991715 0.002033607 0.002716944 -0.000168400 -0.002034218 0.999997973 0.410688430
0.999992490 0.003604867 0.001415691 -0.001146634 -0.003609560 0.999988079 0.003327365 0.002981890 -0.001403679 -0.003332451 0.999993384 0.444826066
0.999990165 0.004115203 0.001626634 -0.000983623 -0.004120692 0.999985814 0.003385136 0.003399868 -0.001612681 -0.003391806 0.999992907 0.484373719
0.999991477 0.003230729 0.002546035 -0.001489702 -0.003240371 0.999987483 0.003791753 0.003294954 -0.002533752 -0.003799970 0.999989569 0.518991470
0.999989390 0.002979777 0.003499362 -0.001526100 -0.002993776 0.999987423 0.004001906 0.003716512 -0.003487393 -0.004012340 0.999985874 0.554950476
0.999987483 0.002816730 0.004121463 -0.001619910 -0.002838849 0.999981463 0.005370588 0.003740091 -0.004106259 -0.005382220 0.999977112 0.590870380
0.999986351 0.002277335 0.004695815 -0.001922595 -0.002298750 0.999986887 0.004560051 0.004380006 -0.004685370 -0.004570783 0.999978542 0.627952754
0.999983609 0.002313027 0.005237604 -0.001865430 -0.002332581 0.999990344 0.003730531 0.004569395 -0.005228925 -0.003742688 0.999979258 0.662622988
0.999980927 0.002528597 0.005648061 -0.001514474 -0.002545817 0.999992192 0.003043744 0.004416528 -0.005640319 -0.003058065 0.999979377 0.699456930
0.999973893 0.003001395 0.006573369 -0.001931214 -0.003022564 0.999990284 0.003212873 0.004950396 -0.006563662 -0.003232658 0.999973178 0.733514667
0.999969959 0.003118279 0.007098925 -0.001800375 -0.003144370 0.999988317 0.003666957 0.005278990 -0.007087408 -0.003689169 0.999968052 0.769717336
0.999962926 0.003523450 0.007849776 -0.001966148 -0.003558408 0.999983907 0.004444048 0.005302573 -0.007833988 -0.004471816 0.999959230 0.803836286
0.999953032 0.004484237 0.008581877 -0.002001440 -0.004504104 0.999987245 0.002297039 0.005601780 -0.008571465 -0.002335585 0.999960482 0.838592291
0.999944985 0.005360898 0.009017409 -0.001640462 -0.005370997 0.999984980 0.001096191 0.005749268 -0.009011396 -0.001144563 0.999958754 0.873121142
0.999941647 0.004934018 0.009614509 -0.001049890 -0.004961382 0.999983668 0.002824307 0.005737188 -0.009600417 -0.002871843 0.999949813 0.907943785
0.999936640 0.004443023 0.010350088 -0.001230896 -0.004502527 0.999973416 0.005732934 0.005620838 -0.010324339 -0.005779171 0.999930024 0.941624582
0.999945521 0.003564164 0.009804599 -0.000568313 -0.003627832 0.999972522 0.006483657 0.005808340 -0.009781220 -0.006518874 0.999930859 0.978061438
0.999948323 0.003058244 0.009690112 -0.000589982 -0.003108898 0.999981642 0.005216634 0.006288054 -0.009673979 -0.005246491 0.999939442 1.012568712
0.999945879 0.001035968 0.010346579 -0.000628262 -0.001084839 0.999988377 0.004718934 0.006420248 -0.010341570 -0.004729902 0.999935329 1.044906974
0.999951005 0.001391385 0.009792837 -0.000369053 -0.001420727 0.999994516 0.002989862 0.006720393 -0.009788623 -0.003003628 0.999947608 1.079804182
0.999948561 0.001624876 0.010012310 -0.000558310 -0.001650047 0.999995470 0.002506324 0.006573130 -0.010008194 -0.002522716 0.999946773 1.113754988
0.999953687 0.002175667 0.009367000 -0.000247936 -0.002188962 0.999996603 0.001409312 0.007249626 -0.009363905 -0.001429750 0.999955177 1.146878839
0.999965787 0.001212042 0.008179495 0.000499133 -0.001231000 0.999996543 0.002313059 0.006874504 -0.008176666 -0.002323049 0.999963820 1.180988789
0.999969125 0.001829891 0.007638124 0.000521303 -0.001861721 0.999989569 0.004162136 0.006085169 -0.007630429 -0.004176228 0.999962151 1.214361072
0.999974012 0.001814193 0.006976598 0.001346197 -0.001855443 0.999980807 0.005910693 0.006361174 -0.006965741 -0.005923483 0.999958158 1.246857047
0.999978065 0.002298496 0.006215434 0.001103453 -0.002339812 0.999975085 0.006648115 0.006946073 -0.006199999 -0.006662513 0.999958575 1.281148791
0.999981880 0.002090022 0.005656451 0.000989419 -0.002124947 0.999978662 0.006175441 0.007746023 -0.005643423 -0.006187348 0.999964952 1.313768744
0.999988854 0.000601284 0.004690873 0.001585831 -0.000631172 0.999979436 0.006372639 0.007942181 -0.004686945 -0.006375530 0.999968708 1.347076893
0.999987006 -0.000398768 0.005084527 0.000789468 0.000363082 0.999975324 0.007017451 0.007542161 -0.005087198 -0.007015513 0.999962389 1.377602696
0.999994636 0.000372992 0.003270451 0.003537970 -0.000390741 0.999985158 0.005427994 0.009065017 -0.003268378 -0.005429242 0.999979913 1.410577059
0.999990880 -0.000029196 0.004278529 0.001242179 0.000008300 0.999988079 0.004883987 0.008104724 -0.004278620 -0.004883908 0.999978900 1.440537810
0.999994814 -0.000618573 0.003167826 0.001133028 0.000607919 0.999994099 0.003363052 0.008226833 -0.003169887 -0.003361109 0.999989331 1.473433495
0.999994934 -0.001238580 0.002968326 0.001195748 0.001232125 0.999996901 0.002175492 0.008093993 -0.002971012 -0.002171823 0.999993324 1.504127145
0.999994278 -0.000001178 0.003398967 0.000500140 -0.000006927 0.999997139 0.002384522 0.008506728 -0.003398959 -0.002384532 0.999991417 1.534896255
0.999996960 0.000873786 0.002271143 0.001278648 -0.000882534 0.999992311 0.003853778 0.008464072 -0.002267759 -0.003855772 0.999989986 1.568849087
0.999995172 0.002053117 0.002318705 0.001247631 -0.002064205 0.999986470 0.004789765 0.008525900 -0.002308840 -0.004794528 0.999985874 1.599189639
0.999997377 0.001162468 0.001979493 0.001280385 -0.001173419 0.999983966 0.005539822 0.008827110 -0.001973022 -0.005542131 0.999982655 1.630796552
0.999998987 0.000792122 0.001202198 0.001260276 -0.000800445 0.999975741 0.006938678 0.009074347 -0.001196672 -0.006939634 0.999975204 1.662312865
0.999998868 -0.000146224 0.001521893 0.000822274 0.000133979 0.999967694 0.008043399 0.009274347 -0.001523020 -0.008043185 0.999966562 1.692856312
0.999998689 -0.000352304 0.001596172 0.000804260 0.000337756 0.999958515 0.009105537 0.009272296 -0.001599315 -0.009104985 0.999957323 1.721792102
0.999999046 -0.000861043 0.001056163 0.001095353 0.000851647 0.999960303 0.008864296 0.009914469 -0.001063754 -0.008863389 0.999960124 1.751776814
0.999999464 -0.000261576 0.001043354 0.000885185 0.000253177 0.999967635 0.008042586 0.010472385 -0.001045424 -0.008042317 0.999967098 1.780241370
0.999999404 0.000030012 0.001070690 0.000964346 -0.000038799 0.999966323 0.008207765 0.010037720 -0.001070408 -0.008207801 0.999965727 1.808075428
0.999998629 0.000597617 0.001593431 0.000817885 -0.000608622 0.999975920 0.006915176 0.010466107 -0.001589260 -0.006916136 0.999974847 1.833922029
0.999999046 0.000066562 0.001369298 0.001214427 -0.000076287 0.999974787 0.007103869 0.010176160 -0.001368790 -0.007103968 0.999973834 1.860823274
0.999997854 0.000935505 0.001863050 0.000770922 -0.000949906 0.999969661 0.007744124 0.010133101 -0.001855749 -0.007745877 0.999968231 1.885786295
0.999996006 0.002155630 0.001836603 0.000875679 -0.002171214 0.999961257 0.008525791 0.010486352 -0.001818153 -0.008529746 0.999961913 1.910634041
0.999996543 0.001487950 0.002201129 0.000827485 -0.001508375 0.999955475 0.009306802 0.010449136 -0.002187183 -0.009310090 0.999954283 1.933464289
0.999996483 0.001313080 0.002303589 0.000826340 -0.001335446 0.999951720 0.009734748 0.010696416 -0.002290695 -0.009737791 0.999949932 1.956800818
0.999995768 0.001441942 0.002524169 0.000808750 -0.001467499 0.999947429 0.010152315 0.010795984 -0.002509397 -0.010155975 0.999945223 1.978690863
0.999994338 0.001340967 0.003074677 0.000653340 -0.001370283 0.999953389 0.009552738 0.010831458 -0.003061723 -0.009556896 0.999949634 1.999465108
0.999994934 0.000996319 0.003012886 0.000915193 -0.001022036 0.999962926 0.008546283 0.010952877 -0.003004259 -0.008549321 0.999958932 2.019502878
0.999994040 0.001386800 0.003159619 0.000686276 -0.001412612 0.999965489 0.008181835 0.011084862 -0.003148163 -0.008186249 0.999961555 2.038928986
0.999993861 0.001495530 0.003178289 0.000744316 -0.001517274 0.999975443 0.006849952 0.011134743 -0.003167966 -0.006854732 0.999971509 2.057472467
0.999996603 -0.000152828 0.002593950 0.000823459 0.000138483 0.999984682 0.005529524 0.011149814 -0.002594756 -0.005529147 0.999981344 2.075540304
0.999997020 -0.001047391 0.002214505 0.000560140 0.001039301 0.999992788 0.003651530 0.011218561 -0.002218314 -0.003649217 0.999990940 2.093950748
0.999999285 -0.000129376 0.001209739 0.000812988 0.000126697 0.999997556 0.002214190 0.011184674 -0.001210022 -0.002214035 0.999996841 2.111815214
1.000000000 -0.000092327 0.000136696 0.000785670 0.000092085 0.999998331 0.001771068 0.011260988 -0.000136859 -0.001771056 0.999998450 2.129129171
0.999999940 0.000268774 -0.000307441 0.000324504 -0.000268054 0.999997139 0.002339097 0.011483224 0.000308069 -0.002339015 0.999997139 2.146827221
0.999998629 -0.000482340 -0.001580404 0.000753182 0.000486864 0.999995708 0.002863164 0.011601223 0.001579016 -0.002863930 0.999994636 2.163685083
0.999998212 0.000852259 -0.001682231 0.000053415 -0.000845693 0.999992013 0.003900081 0.011657003 0.001685541 -0.003898651 0.999991000 2.181360483
0.999997377 0.001350221 -0.001833464 -0.000282082 -0.001341478 0.999987721 0.004761776 0.011684786 0.001839871 -0.004759303 0.999987006 2.198115349
0.999995828 0.001424494 -0.002549262 -0.000331346 -0.001409920 0.999982655 0.005709901 0.011722648 0.002557353 -0.005706281 0.999980450 2.213854074
0.999993861 0.001410356 -0.003206403 -0.000401088 -0.001390572 0.999980032 0.006164206 0.012059255 0.003215033 -0.006159710 0.999975801 2.229425907
0.999991119 0.002712662 -0.003203338 -0.000530414 -0.002691137 0.999973953 0.006704722 0.011848693 0.003221442 -0.006696042 0.999972403 2.244522572
0.999991179 0.002564179 -0.003327747 -0.000581514 -0.002540779 0.999972165 0.007016863 0.011879798 0.003345647 -0.007008346 0.999969840 2.258304358
0.999990404 0.002947349 -0.003248620 -0.000703759 -0.002922376 0.999966383 0.007665521 0.011749972 0.003271104 -0.007655953 0.999965370 2.272083044
0.999991953 0.002466474 -0.003164026 -0.000747639 -0.002441541 0.999966145 0.007859861 0.012115628 0.003183305 -0.007852072 0.999964118 2.285045385
0.999989450 0.003835138 -0.002576250 -0.001250057 -0.003814664 0.999961495 0.007906131 0.012139469 0.002606472 -0.007896220 0.999965370 2.297756910
0.999988496 0.004012174 -0.002640649 -0.001092981 -0.003991650 0.999962211 0.007732064 0.012269991 0.002671572 -0.007721435 0.999966562 2.309775829
0.999989331 0.004105517 -0.002139878 -0.001260201 -0.004089070 0.999962568 0.007634189 0.012352493 0.002171140 -0.007625357 0.999968529 2.320930958
0.999992013 0.003586365 -0.001761903 -0.001305147 -0.003572919 0.999964893 0.007576164 0.012366220 0.001789012 -0.007569808 0.999969661 2.331546783
0.999992788 0.003378293 -0.001690487 -0.001294523 -0.003366338 0.999969602 0.007025490 0.012562762 0.001714170 -0.007019749 0.999973834 2.341855288
0.999990225 0.004186791 -0.001458425 -0.001362729 -0.004178298 0.999974489 0.005778652 0.012730065 0.001482581 -0.005772501 0.999982119 2.351646900
0.999989092 0.004594220 -0.000795641 -0.001808864 -0.004590454 0.999978542 0.004671866 0.012547430 0.000817087 -0.004668162 0.999988794 2.361249924
0.999988377 0.004694685 -0.001005155 -0.001541575 -0.004690700 0.999981225 0.003930914 0.012397535 0.001023590 -0.003926154 0.999991775 2.370437384
0.999988675 0.004685441 -0.000837428 -0.001626294 -0.004682620 0.999983430 0.003338960 0.012412515 0.000853058 -0.003335001 0.999994099 2.379856348
0.999990225 0.004354647 -0.000753076 -0.001874460 -0.004352447 0.999986351 0.002898592 0.012612076 0.000765688 -0.002895285 0.999995530 2.389631271
0.999991596 0.003901947 -0.001203628 -0.001958587 -0.003898347 0.999987960 0.002978933 0.012503097 0.001215238 -0.002974216 0.999994814 2.398439646
0.999990404 0.004193784 -0.001237315 -0.001992432 -0.004190168 0.999986947 0.002911082 0.012684213 0.001249508 -0.002905869 0.999994934 2.407497168
0.999992132 0.003735172 -0.001341348 -0.002205177 -0.003731305 0.999988914 0.002874029 0.012772579 0.001352068 -0.002869002 0.999994934 2.416795015
0.999991477 0.003774130 -0.001635025 -0.002129006 -0.003770461 0.999990523 0.002240784 0.013070704 0.001643467 -0.002234601 0.999996185 2.425901890
0.999991894 0.003821508 -0.001196580 -0.002823410 -0.003819888 0.999991775 0.001352635 0.013147635 0.001201739 -0.001348054 0.999998391 2.434591055
0.999991715 0.003551552 -0.001997130 -0.002343519 -0.003548657 0.999992669 0.001451182 0.013117309 0.002002269 -0.001444083 0.999996901 2.443609476
0.999990225 0.003740770 -0.002389824 -0.002332094 -0.003736670 0.999991596 0.001717603 0.013180713 0.002396230 -0.001708656 0.999995589 2.451923132
0.999989748 0.003481441 -0.002898578 -0.002127893 -0.003474787 0.999991298 0.002297504 0.012853222 0.002906551 -0.002287409 0.999993145 2.460804939
0.999988854 0.003672731 -0.002957699 -0.002338259 -0.003665667 0.999990523 0.002389692 0.012914600 0.002966447 -0.002378823 0.999992788 2.469037771
0.999989808 0.003249988 -0.003119806 -0.002503221 -0.003241877 0.999991417 0.002601386 0.013192711 0.003128233 -0.002591245 0.999991775 2.477061272
0.999987066 0.003611874 -0.003580329 -0.002163459 -0.003599824 0.999987900 0.003366425 0.012671098 0.003592444 -0.003353493 0.999987960 2.485168219
0.999987781 0.003432475 -0.003517948 -0.002708786 -0.003421241 0.999989092 0.003194141 0.012762697 0.003528873 -0.003182067 0.999988616 2.492785215
0.999987960 0.003444100 -0.003467214 -0.002866066 -0.003434188 0.999990106 0.002860309 0.013106359 0.003477030 -0.002848367 0.999989867 2.500531673
0.999990165 0.002813398 -0.003403785 -0.003157392 -0.002802964 0.999991477 0.003065912 0.013189347 0.003412381 -0.003056341 0.999989450 2.507478237
0.999990940 0.002321969 -0.003554240 -0.003179520 -0.002308398 0.999990106 0.003817314 0.012815766 0.003563068 -0.003809075 0.999986351 2.514374733
0.999990582 0.001399985 -0.004110670 -0.002866208 -0.001382222 0.999989688 0.004320829 0.012828523 0.004116676 -0.004315107 0.999982238 2.520527363
0.999991417 0.001122984 -0.003999336 -0.002988303 -0.001102761 0.999986529 0.005055367 0.012722038 0.004004959 -0.005050914 0.999979198 2.526316404
0.999990821 0.001906258 -0.003836861 -0.003095599 -0.001885877 0.999984026 0.005308426 0.012889035 0.003846919 -0.005301142 0.999978542 2.531659126
0.999988377 0.002323471 -0.004227418 -0.003110171 -0.002298340 0.999979734 0.005940062 0.012826482 0.004241133 -0.005930277 0.999973476 2.536645889
0.999985933 0.002789284 -0.004509846 -0.003165741 -0.002762079 0.999978006 0.006027160 0.012759183 0.004526559 -0.006014619 0.999971628 2.540950775
0.999986708 0.002572750 -0.004461331 -0.003148112 -0.002547113 0.999980330 0.005742755 0.012812937 0.004476018 -0.005731314 0.999973536 2.544572592
0.999987006 0.002435883 -0.004472677 -0.003371062 -0.002415834 0.999987006 0.004482348 0.013003466 0.004483537 -0.004471486 0.999979913 2.547794342
0.999985635 0.002547349 -0.004716591 -0.003377513 -0.002528253 0.999988616 0.004050300 0.012861860 0.004726854 -0.004038317 0.999980688 2.550923347
0.999984801 0.002804583 -0.004746730 -0.003231658 -0.002786775 0.999989092 0.003754116 0.012894789 0.004757207 -0.003740831 0.999981642 2.553944588
0.999983907 0.003240129 -0.004644073 -0.003412740 -0.003223750 0.999988616 0.003530328 0.013076732 0.004655459 -0.003515300 0.999982953 2.556621552
0.999985039 0.002488815 -0.004871785 -0.003481281 -0.002470320 0.999989688 0.003798874 0.012943468 0.004881190 -0.003786782 0.999980927 2.558837175
0.999984860 0.002445064 -0.004916063 -0.003330466 -0.002425231 0.999988973 0.004036386 0.012888019 0.004925878 -0.004024403 0.999979794 2.561246157
0.999983072 0.002371673 -0.005306430 -0.003161464 -0.002352203 0.999990463 0.003672519 0.013114382 0.005315090 -0.003659976 0.999979138 2.563402414
0.999983132 0.002549823 -0.005231337 -0.003296368 -0.002531602 0.999990642 0.003486959 0.013026271 0.005240181 -0.003473657 0.999980211 2.565145969
0.999980807 0.002900837 -0.005478135 -0.003182165 -0.002883550 0.999990880 0.003160826 0.012925923 0.005487254 -0.003144969 0.999980032 2.566777468
0.999981821 0.002930686 -0.005293220 -0.003212502 -0.002915876 0.999991834 0.002803445 0.012835855 0.005301394 -0.002787960 0.999982059 2.568369389
0.999981761 0.002676605 -0.005412436 -0.003325908 -0.002661483 0.999992490 0.002799207 0.012919031 0.005419887 -0.002784751 0.999981403 2.570121050
0.999981880 0.002405520 -0.005509545 -0.003366140 -0.002388436 0.999992371 0.003105068 0.012916569 0.005516971 -0.003091853 0.999979973 2.571296930
0.999982774 0.002399356 -0.005351337 -0.003361035 -0.002383611 0.999992728 0.002946588 0.013001426 0.005358367 -0.002933781 0.999981344 2.572638750
0.999981880 0.002740602 -0.005360005 -0.003378432 -0.002724637 0.999991775 0.002983474 0.012955651 0.005368138 -0.002968816 0.999981165 2.574013472
0.999981284 0.002887859 -0.005385534 -0.003406720 -0.002871444 0.999991238 0.003053011 0.012983349 0.005394303 -0.003037490 0.999980807 2.574935436
0.999981403 0.002594564 -0.005528061 -0.003429170 -0.002578609 0.999992371 0.002891289 0.013096131 0.005535522 -0.002876980 0.999980509 2.575741768
0.999982297 0.002491756 -0.005423590 -0.003395950 -0.002475428 0.999992251 0.003015197 0.013148438 0.005431063 -0.003001719 0.999980748 2.576328993
0.999982476 0.002603197 -0.005329542 -0.003440748 -0.002585846 0.999991238 0.003259970 0.013077362 0.005337983 -0.003246131 0.999980450 2.576564789
0.999982595 0.002334393 -0.005426378 -0.003354532 -0.002316741 0.999991834 0.003257097 0.013146755 0.005433939 -0.003244469 0.999979973 2.576677799
0.999981880 0.002498570 -0.005488753 -0.003350959 -0.002480887 0.999991596 0.003226292 0.013007034 0.005496770 -0.003212617 0.999979675 2.576415539
0.999982655 0.002000492 -0.005558423 -0.003380251 -0.001987985 0.999995410 0.002254732 0.012972543 0.005562909 -0.002243643 0.999981940 2.576339245
0.999982893 0.001746501 -0.005566709 -0.003293092 -0.001737982 0.999997318 0.001534814 0.012966993 0.005569374 -0.001525113 0.999983251 2.576432943
0.999983191 0.001865326 -0.005466665 -0.003417243 -0.001855504 0.999996722 0.001801201 0.013078468 0.005470005 -0.001791028 0.999983311 2.576456547
0.999983668 0.001778773 -0.005419385 -0.003459802 -0.001770827 0.999997377 0.001470659 0.013122559 0.005421986 -0.001461039 0.999984145 2.576416254
0.999982715 0.001990803 -0.005507383 -0.003455355 -0.001986377 0.999997735 0.000808910 0.012981426 0.005508979 -0.000797957 0.999984384 2.576494455
0.999983251 0.002031710 -0.005399745 -0.003454520 -0.002028184 0.999997795 0.000658328 0.012965195 0.005401069 -0.000647366 0.999985158 2.576561213
0.999983788 0.002029605 -0.005303410 -0.003582731 -0.002026981 0.999997854 0.000500135 0.012987562 0.005304412 -0.000489377 0.999985754 2.576733112
0.999983311 0.001928457 -0.005441464 -0.003477119 -0.001924613 0.999997914 0.000711636 0.012889515 0.005442827 -0.000701152 0.999984920 2.577551365
0.999983251 0.001922513 -0.005452196 -0.003476353 -0.001917176 0.999997675 0.000983893 0.012858580 0.005454076 -0.000973423 0.999984622 2.577984095
0.999982476 0.001988431 -0.005558243 -0.003461512 -0.001983789 0.999997675 0.000840464 0.012939714 0.005559902 -0.000829423 0.999984205 2.578771830
0.999983132 0.001810268 -0.005517174 -0.003464784 -0.001806115 0.999998093 0.000757638 0.012867486 0.005518537 -0.000747661 0.999984503 2.579423904
0.999983072 0.001980573 -0.005448953 -0.003425550 -0.001976906 0.999997795 0.000678468 0.012860743 0.005450286 -0.000667684 0.999984920 2.580446243
0.999984205 0.001784474 -0.005323355 -0.003539412 -0.001783551 0.999998510 0.000177938 0.012848408 0.005323665 -0.000168441 0.999985754 2.581272125
0.999983430 0.001924069 -0.005413190 -0.003564629 -0.001928733 0.999997735 -0.000856572 0.013015114 0.005411530 0.000866999 0.999984980 2.582694054
0.999984086 0.002198863 -0.005182730 -0.003675505 -0.002207899 0.999996066 -0.001738449 0.013033647 0.005178887 0.001749864 0.999985039 2.584460735
0.999982119 0.002216168 -0.005542650 -0.003389033 -0.002230351 0.999994278 -0.002554036 0.013132188 0.005536959 0.002566353 0.999981403 2.586654663
0.999984503 0.002477812 -0.005008975 -0.003622752 -0.002492657 0.999992490 -0.002959585 0.013098808 0.005001605 0.002972024 0.999983072 2.588849068
0.999985397 0.001981534 -0.005034852 -0.003573726 -0.001996920 0.999993324 -0.003052641 0.013047411 0.005028769 0.003062650 0.999982655 2.591765642
0.999986351 0.001953611 -0.004854123 -0.003594898 -0.001969286 0.999992847 -0.003226507 0.013019206 0.004847785 0.003236022 0.999983013 2.595380306
0.999987960 0.002027883 -0.004488347 -0.003664576 -0.002043562 0.999991894 -0.003491458 0.012965308 0.004481229 0.003500587 0.999983847 2.599307537
0.999989748 0.001860216 -0.004125851 -0.003639081 -0.001877668 0.999989271 -0.004229973 0.013122983 0.004117938 0.004237676 0.999982536 2.603798866
0.999991357 0.001554094 -0.003844788 -0.003666270 -0.001570638 0.999989510 -0.004303794 0.012897506 0.003838059 0.004309797 0.999983311 2.609190941
0.999993384 0.001289144 -0.003406625 -0.003637371 -0.001307547 0.999984562 -0.005405511 0.013182066 0.003399604 0.005409930 0.999979556 2.615048647
0.999994338 0.001423921 -0.003047621 -0.003690076 -0.001443028 0.999979198 -0.006276463 0.013211099 0.003038621 0.006280825 0.999975622 2.621513844
0.999994397 0.002158700 -0.002613570 -0.003755452 -0.002176968 0.999973059 -0.007007044 0.013295075 0.002598374 0.007012694 0.999972045 2.628347158
0.999995232 0.001875276 -0.002479340 -0.003485275 -0.001893298 0.999971628 -0.007286432 0.013296830 0.002465605 0.007291091 0.999970436 2.636035204
0.999996126 0.002228343 -0.001673949 -0.003692781 -0.002241075 0.999968231 -0.007642794 0.013377983 0.001656865 0.007646516 0.999969423 2.644573212
0.999998868 0.001087315 -0.001046447 -0.003768817 -0.001095138 0.999971211 -0.007504653 0.013286747 0.001038257 0.007505791 0.999971271 2.653793812
0.999999583 0.000717423 -0.000376155 -0.003866077 -0.000720364 0.999968708 -0.007878359 0.013366424 0.000370491 0.007878629 0.999968827 2.663777828
0.999999404 0.001030802 -0.000168771 -0.003744561 -0.001032081 0.999969363 -0.007759531 0.013282953 0.000160767 0.007759701 0.999969840 2.674366474
0.999998212 0.001809711 0.000524696 -0.003907583 -0.001805313 0.999964178 -0.008263229 0.013422243 -0.000539631 0.008262267 0.999965668 2.685711145
0.999997675 0.001839977 0.001070416 -0.003944007 -0.001830244 0.999957621 -0.009023964 0.013319135 -0.001086975 0.009021984 0.999958694 2.697654724
0.999997616 0.000906691 0.001987382 -0.003920526 -0.000888728 0.999958873 -0.009021276 0.013290556 -0.001995480 0.009019488 0.999957263 2.710583687
0.999995649 0.000357752 0.002917633 -0.004021017 -0.000332050 0.999961197 -0.008805170 0.013418835 -0.002920670 0.008804162 0.999956965 2.724004030
0.999993205 0.000533437 0.003640507 -0.003982443 -0.000501642 0.999961734 -0.008729244 0.013379889 -0.003645024 0.008727357 0.999955237 2.738225698
0.999990404 0.000661900 0.004341652 -0.003997336 -0.000624006 0.999961734 -0.008723468 0.013220740 -0.004347260 0.008720674 0.999952495 2.752995491
0.999988258 0.000583490 0.004802674 -0.003684382 -0.000539452 0.999957919 -0.009165802 0.013540991 -0.004807820 0.009163103 0.999946415 2.768761873
0.999982119 -0.000505934 0.005962206 -0.003509317 0.000563357 0.999953389 -0.009633395 0.013526376 -0.005957054 0.009636580 0.999935806 2.784317970
0.999977410 -0.001283052 0.006601671 -0.003160095 0.001341613 0.999959707 -0.008873947 0.013270460 -0.006590019 0.008882602 0.999938846 2.800759315
0.999969959 -0.000212287 0.007750211 -0.003318492 0.000271821 0.999970436 -0.007681322 0.013306176 -0.007748351 0.007683198 0.999940455 2.818499088
0.999962211 0.000557718 0.008679341 -0.003316065 -0.000499394 0.999977231 -0.006720620 0.013469005 -0.008682891 0.006716030 0.999939740 2.836163044
0.999954045 -0.000153735 0.009581740 -0.003154492 0.000212395 0.999981344 -0.006121387 0.013066543 -0.009580620 0.006123140 0.999935329 2.854009628
0.999946535 0.000061663 0.010335225 -0.002781816 0.000002800 0.999980569 -0.006237096 0.013785014 -0.010335409 0.006236791 0.999927104 2.872665882
0.999936581 0.000753260 0.011237670 -0.002758730 -0.000692308 0.999985039 -0.005426809 0.013534619 -0.011241592 0.005418685 0.999922097 2.891926765
0.999920726 0.001111573 0.012538427 -0.002906427 -0.001047765 0.999986470 -0.005094421 0.013891970 -0.012543920 0.005080881 0.999908447 2.911366224
0.999907553 0.000555568 0.013582579 -0.002410736 -0.000487600 0.999987364 -0.005006813 0.014057755 -0.013585190 0.004999727 0.999895215 2.932549953
0.999889731 0.000433055 0.014838006 -0.002262354 -0.000360176 0.999987841 -0.004913906 0.013778559 -0.014839955 0.004908021 0.999877810 2.951383114
0.999874711 0.000559896 0.015815130 -0.002099756 -0.000491327 0.999990404 -0.004339188 0.013937999 -0.015817406 0.004330874 0.999865472 2.973598719
0.999862790 0.000038639 0.016560471 -0.001823034 0.000034515 0.999990225 -0.004417101 0.013888119 -0.016560480 0.004417067 0.999853075 2.995785236
0.999856353 -0.000245658 0.016947074 -0.001203720 0.000333623 0.999986470 -0.005187918 0.013835358 -0.016945567 0.005192828 0.999842823 3.018146276
0.999845743 -0.000527816 0.017555701 -0.000643846 0.000626273 0.999984086 -0.005603284 0.014361002 -0.017552469 0.005613415 0.999830186 3.040479660
0.999842286 -0.001078252 0.017727856 -0.000398658 0.001177042 0.999983788 -0.005563113 0.014239216 -0.017721575 0.005583102 0.999827385 3.062584877
0.999840260 -0.001613272 0.017797099 0.000133760 0.001725552 0.999978602 -0.006295379 0.014320455 -0.017786564 0.006325084 0.999821782 3.086664677
0.999829412 -0.001615405 0.018397145 0.000671424 0.001723826 0.999981225 -0.005878991 0.014520548 -0.018387303 0.005909702 0.999813437 3.110448837
0.999820054 -0.002540767 0.018796805 0.001144309 0.002627523 0.999986112 -0.004592164 0.014485908 -0.018784871 0.004640727 0.999812722 3.133928776
0.999824405 -0.000623594 0.018727371 0.001506027 0.000678138 0.999995589 -0.002906340 0.014072469 -0.018725475 0.002918529 0.999820352 3.157959700
0.999816477 -0.001304631 0.019112328 0.001693808 0.001339930 0.999997377 -0.001834225 0.014503106 -0.019109888 0.001859498 0.999815583 3.182653189
0.999827981 -0.001688203 0.018469246 0.002302170 0.001700173 0.999998331 -0.000632402 0.014172416 -0.018468145 0.000663694 0.999829173 3.208419323
0.999827206 -0.000933594 0.018564228 0.002556253 0.000948171 0.999999166 -0.000776423 0.015436256 -0.018563487 0.000793891 0.999827325 3.229554892
0.999825060 -0.000681668 0.018693034 0.002911571 0.000703698 0.999998987 -0.001171936 0.015359137 -0.018692214 0.001184885 0.999824584 3.253981590
0.999832690 -0.000699521 0.018276611 0.003258776 0.000727415 0.999998569 -0.001519637 0.015467051 -0.018275522 0.001532677 0.999831796 3.279799461
0.999833763 0.000215715 0.018229418 0.003669061 -0.000191200 0.999999106 -0.001346541 0.015393200 -0.018229693 0.001342832 0.999832928 3.303839922
0.999829888 -0.000961400 0.018418336 0.003684253 0.000995325 0.999997795 -0.001832879 0.015376523 -0.018416530 0.001850899 0.999828696 3.328831434
0.999834299 0.000278930 0.018197339 0.004262161 -0.000249199 0.999998689 -0.001636048 0.015409175 -0.018197767 0.001631243 0.999833047 3.353809834
0.999848127 -0.000483242 0.017420599 0.005533863 0.000531873 0.999995947 -0.002787019 0.015896661 -0.017419184 0.002795861 0.999844313 3.379534483
0.999853909 -0.001479147 0.017031135 0.004686512 0.001519724 0.999996126 -0.002369788 0.015826490 -0.017027562 0.002395324 0.999852121 3.405331135
0.999876618 -0.002422538 0.015521832 0.004939154 0.002456923 0.999994516 -0.002196584 0.016285187 -0.015516426 0.002234449 0.999877095 3.430845976
0.999907017 -0.004794418 0.012764038 0.005505797 0.004805902 0.999988019 -0.000869245 0.016248077 -0.012759717 0.000930507 0.999918103 3.456907272
0.999936879 -0.004702171 0.010210896 0.006001024 0.004711428 0.999988496 -0.000882627 0.016613219 -0.010206630 0.000930679 0.999947488 3.482322216
0.999955177 -0.005584081 0.007651422 0.005508661 0.005580950 0.999984264 0.000430548 0.016217973 -0.007653708 -0.000387827 0.999970555 3.507433653
0.999966443 -0.006495684 0.004988469 0.006024405 0.006489725 0.999978185 0.001209696 0.016038455 -0.004996218 -0.001177281 0.999986827 3.533388615
0.999968946 -0.007867157 0.000421069 0.007035958 0.007866582 0.999968052 0.001350710 0.015918765 -0.000431682 -0.001347356 0.999998987 3.559926033
0.999956250 -0.008360066 -0.004218646 0.007148504 0.008364399 0.999964476 0.001010065 0.016163902 0.004210053 -0.001045307 0.999990642 3.586075783
0.999925077 -0.008505751 -0.008793589 0.006521478 0.008513170 0.999963403 0.000806600 0.016426006 0.008786406 -0.000881401 0.999961019 3.611200094
0.999895334 -0.007250393 -0.012521961 0.004776247 0.007254558 0.999973655 0.000287301 0.016342444 0.012519551 -0.000378113 0.999921560 3.635917187
0.999807954 -0.007711626 -0.018014517 0.004425444 0.007751124 0.999967694 0.002123774 0.015844274 0.017997559 -0.002262999 0.999835491 3.661384344
0.999716043 -0.006404259 -0.022952357 0.004097156 0.006464983 0.999975741 0.002572436 0.015927982 0.022935327 -0.002720092 0.999733210 3.685990334
0.999561131 -0.008326399 -0.028432816 0.002929106 0.008419826 0.999959469 0.003167673 0.016188759 0.028405286 -0.003405682 0.999590695 3.711376905
0.999268591 -0.012381147 -0.036184423 0.001730278 0.012474517 0.999919474 0.002355721 0.017756740 0.036152337 -0.002805381 0.999342322 3.740485668
0.999055982 -0.011857746 -0.041792531 0.000302956 0.011968161 0.999925435 0.002392709 0.016258284 0.041761044 -0.002890630 0.999123454 3.764669895
0.998761773 -0.012425562 -0.048172213 -0.000269324 0.012495867 0.999921203 0.001158561 0.015701480 0.048154023 -0.001759080 0.998838365 3.787929058
0.998497725 -0.012705768 -0.053300336 -0.003144503 0.012744077 0.999918699 0.000378895 0.015964668 0.053291190 -0.001057589 0.998578429 3.812170029
0.998273492 -0.011566237 -0.057588201 -0.008040413 0.011590320 0.999932826 0.000084190 0.014541394 0.057583362 -0.000751510 0.998340428 3.838353872
0.997693717 -0.012313104 -0.066749722 -0.005395770 0.012412372 0.999922395 0.001072639 0.013596793 0.066731334 -0.001898688 0.997769117 3.861542702
0.997298062 -0.015025157 -0.071908228 -0.008311749 0.015024035 0.999886930 -0.000556516 0.016646871 0.071908452 -0.000525340 0.997411072 3.885833025
0.996866763 -0.012101058 -0.078166813 -0.008482754 0.012271898 0.999923170 0.001705567 0.015825214 0.078140162 -0.002659479 0.996938825 3.909760952
0.996548831 -0.011157003 -0.082254671 -0.011710703 0.011472974 0.999928415 0.003369690 0.016983880 0.082211196 -0.004301767 0.996605694 3.933846235
0.996164322 -0.008351844 -0.087102734 -0.013911813 0.008949416 0.999938965 0.006472291 0.016082916 0.087043360 -0.007226984 0.996178269 3.958533049
0.995819032 -0.006641438 -0.091106087 -0.015783846 0.007415512 0.999939144 0.008160527 0.015858676 0.091046348 -0.008802007 0.995807767 3.981866837
0.995561540 -0.004361946 -0.094011523 -0.018285573 0.005137761 0.999954641 0.008011881 0.015815813 0.093972318 -0.008459332 0.995538831 4.005434990
0.995409906 -0.002476718 -0.095670402 -0.020813227 0.003083701 0.999976039 0.006197206 0.016212743 0.095652759 -0.006463780 0.995393813 4.028770924
0.995361567 -0.000839277 -0.096200764 -0.023794204 0.001358944 0.999984801 0.005336504 0.016179828 0.096194841 -0.005442481 0.995347679 4.052019596
0.995262146 0.000484822 -0.097226202 -0.025533646 -0.000078692 0.999991238 0.004180962 0.016250510 0.097227372 -0.004153501 0.995253503 4.075492382
0.995318830 0.001418446 -0.096634686 -0.028129965 -0.001130056 0.999994755 0.003039001 0.016522311 0.096638478 -0.002915572 0.995315313 4.098573208
0.995360017 0.001991635 -0.096199773 -0.030424684 -0.001773470 0.999995649 0.002353281 0.016524412 0.096204035 -0.002171754 0.995359242 4.121767044
0.995435357 0.002993661 -0.095391445 -0.031836659 -0.002834358 0.999994278 0.001805453 0.016509924 0.095396310 -0.001526838 0.995438099 4.143999100
0.995658040 0.003374843 -0.093026198 -0.034615636 -0.003298806 0.999994099 0.000971130 0.016737349 0.093028933 -0.000660038 0.995663166 4.166174889
0.995883882 0.004501896 -0.090526223 -0.036668301 -0.004586064 0.999989212 -0.000721783 0.016802877 0.090521991 0.001133971 0.995893776 4.188120365
0.996128559 0.006180284 -0.087690592 -0.038613230 -0.006354055 0.999978364 -0.001702632 0.016611036 0.087678172 0.002253231 0.996146262 4.210368156
0.996436298 0.007927771 -0.083976336 -0.040589958 -0.008142607 0.999964476 -0.002216093 0.016895086 0.083955780 0.002891982 0.996465266 4.231736183
0.996820748 0.010308927 -0.079006821 -0.042501867 -0.010372565 0.999946117 -0.000395115 0.016754152 0.078998476 0.001213362 0.996873975 4.253100872
0.997206032 0.012385535 -0.073665932 -0.044085979 -0.012305473 0.999923110 0.001540607 0.016788626 0.073679350 -0.000629809 0.997281790 4.274282455
0.997670650 0.013196323 -0.066925049 -0.045827791 -0.013004085 0.999909997 0.003307268 0.016918384 0.066962689 -0.002429266 0.997752488 4.294559956
0.998105764 0.013965031 -0.059915435 -0.046640977 -0.013716411 0.999895513 0.004558782 0.016413316 0.059972834 -0.003728322 0.998192966 4.314630508
0.998531580 0.015330457 -0.051958375 -0.047878578 -0.015186707 0.999879718 0.003160311 0.016778301 0.052000564 -0.002366594 0.998644173 4.333972931
0.998905361 0.016370071 -0.043818370 -0.048627257 -0.016303008 0.999865234 0.001887407 0.016816869 0.043843366 -0.001170970 0.999037683 4.353761673
0.999230862 0.017437117 -0.035120584 -0.049309015 -0.017422110 0.999847949 0.000733284 0.016630027 0.035128035 -0.000120845 0.999382794 4.372168541
0.999489188 0.018322404 -0.026182421 -0.049842186 -0.018329067 0.999831975 -0.000014472 0.016465953 0.026177755 0.000494364 0.999657154 4.389970779
0.999704957 0.017674694 -0.016662640 -0.049678437 -0.017710455 0.999841154 -0.002000830 0.016493443 0.016624633 0.002295342 0.999859154 4.408613682
0.999820054 0.017916596 -0.006224411 -0.049652293 -0.017935682 0.999834538 -0.003023786 0.016284542 0.006169204 0.003134881 0.999976039 4.424894810
0.999817908 0.018579956 0.004345105 -0.049810991 -0.018561715 0.999818861 -0.004201147 0.016094964 -0.004422375 0.004119729 0.999981761 4.441676140
0.999713540 0.018671995 0.014969986 -0.049669243 -0.018590692 0.999811769 -0.005551771 0.016195973 -0.015070830 0.005271878 0.999872506 4.457561493
0.999570310 0.016024183 0.024540884 -0.048531443 -0.015847873 0.999847353 -0.007361996 0.016174458 -0.024655111 0.006969913 0.999671698 4.473078251
0.999341011 0.013260209 0.033788871 -0.047833234 -0.013012960 0.999886990 -0.007526923 0.016157091 -0.033884857 0.007082270 0.999400675 4.487518787
0.998935223 0.014193601 0.043897916 -0.047425151 -0.013929470 0.999883056 -0.006316997 0.016110379 -0.043982446 0.005698796 0.999016106 4.501995564
0.998432338 0.015939020 0.053654023 -0.046627462 -0.015729332 0.999866903 -0.004328173 0.016272981 -0.053715874 0.003477446 0.998550236 4.516489506
0.997906029 0.018357389 0.062020883 -0.045496464 -0.018264977 0.999831021 -0.002056676 0.015728090 -0.062048174 0.000919559 0.998072803 4.530086517
0.997357190 0.017077852 0.070620336 -0.044482827 -0.017068703 0.999853969 -0.000733103 0.015837798 -0.070622556 -0.000474232 0.997502983 4.543248177
0.996813416 0.012925027 0.078715093 -0.043020308 -0.012947703 0.999916136 -0.000222324 0.015607594 -0.078711368 -0.000797565 0.996897101 4.556201935
