0.999999821 -0.000596637 -0.000012498 -0.000143269 0.000596656 0.999998569 0.001587769 0.000365090 0.000011550 -0.001587777 0.999998748 0.055058252
0.999999940 0.000350724 0.000067769 -0.000514441 -0.000350823 0.999998868 0.001472362 0.000929218 -0.000067253 -0.001472385 0.999998927 0.110285930
0.999999404 0.001076626 0.000126342 -0.000726543 -0.001076805 0.999998391 0.001424148 0.001281839 -0.000124808 -0.001424283 0.999998987 0.165481254
0.999998271 0.001867645 0.000131580 -0.000922504 -0.001867943 0.999995530 0.002299650 0.001482257 -0.000127284 -0.002299892 0.999997258 0.220354840
0.999997675 0.002139030 0.000177581 -0.001060229 -0.002139490 0.999994159 0.002633771 0.001950355 -0.000171946 -0.002634146 0.999996543 0.275368094
0.999995112 0.003059250 0.000605091 -0.001528471 -0.003060941 0.999991357 0.002813985 0.002358029 -0.000596478 -0.002815824 0.999995887 0.330339164
0.999996781 0.002449826 0.000619002 -0.001658597 -0.002451639 0.999992669 0.002944515 0.002576987 -0.000611784 -0.002946024 0.999995410 0.385744661
0.999989331 0.004464741 0.001167233 -0.002516237 -0.004467228 0.999987781 0.002137458 0.003146544 -0.001157675 -0.002142649 0.999997020 0.440894246
0.999986351 0.004917244 0.001735813 -0.002461285 -0.004920047 0.999986529 0.001613745 0.003296265 -0.001727855 -0.001622262 0.999997199 0.494492382
0.999980390 0.005684254 0.002638855 -0.002849129 -0.005690184 0.999981344 0.002245555 0.003765684 -0.002626041 -0.002260526 0.999994040 0.548899770
0.999983251 0.004865907 0.003121662 -0.002936495 -0.004876300 0.999982595 0.003330075 0.003687947 -0.003105404 -0.003345242 0.999989569 0.604531944
0.999987543 0.003720898 0.003329370 -0.002597325 -0.003733086 0.999986410 0.003661978 0.004128242 -0.003315699 -0.003674362 0.999987781 0.658981323
0.999986827 0.002885882 0.004239871 -0.003135839 -0.002903931 0.999986708 0.004256982 0.004514350 -0.004227528 -0.004269238 0.999981940 0.712602079
0.999983549 0.002623855 0.005088137 -0.003348497 -0.002652360 0.999980688 0.005603565 0.004612852 -0.005073335 -0.005616968 0.999971330 0.767032683
0.999977708 0.003332445 0.005811747 -0.003320819 -0.003357667 0.999984980 0.004335439 0.005202350 -0.005797212 -0.004354856 0.999973655 0.819098294
0.999975264 0.003480618 0.006111504 -0.002709655 -0.003501781 0.999987960 0.003455535 0.005555959 -0.006099402 -0.003476851 0.999975324 0.871989250
0.999970317 0.003497547 0.006863643 -0.003152396 -0.003515878 0.999990284 0.002660549 0.006012241 -0.006854271 -0.002684601 0.999972880 0.925739825
0.999968410 0.003274571 0.007244703 -0.002568386 -0.003299526 0.999988675 0.003435420 0.005790357 -0.007233371 -0.003459216 0.999967813 0.979243457
0.999962211 0.003320634 0.008025372 -0.002867323 -0.003351349 0.999987125 0.003816815 0.006024156 -0.008012594 -0.003843568 0.999960482 1.032064795
0.999943972 0.005929629 0.008764772 -0.003016697 -0.005962148 0.999975443 0.003688722 0.006234906 -0.008742684 -0.003740772 0.999954760 1.084387064
0.999954462 0.003982167 0.008672038 -0.002488172 -0.004005763 0.999988258 0.002705174 0.006603848 -0.008661166 -0.002739790 0.999958694 1.136441231
0.999943137 0.005709233 0.009002860 -0.001523310 -0.005716940 0.999983251 0.000830475 0.007197207 -0.008997970 -0.000881897 0.999959111 1.186719537
0.999930918 0.005868583 0.010183492 -0.002252718 -0.005892438 0.999979973 0.002314216 0.007290787 -0.010169706 -0.002374061 0.999945462 1.239819407
0.999933898 0.004804279 0.010447473 -0.002184760 -0.004856918 0.999975622 0.005019029 0.007612343 -0.010423105 -0.005069440 0.999932826 1.292311311
0.999937773 0.004183102 0.010336190 -0.000694566 -0.004244005 0.999973714 0.005877383 0.007701744 -0.010311332 -0.005920885 0.999929309 1.342789173
0.999941587 0.003630805 0.010183016 0.000021449 -0.003682628 0.999980271 0.005075011 0.007980498 -0.010164389 -0.005112214 0.999935269 1.393665314
0.999945641 0.001410452 0.010329676 0.000318447 -0.001459144 0.999987781 0.004707752 0.008379380 -0.010322910 -0.004722569 0.999935567 1.442916393
0.999950826 0.002016785 0.009708958 0.000947881 -0.002034961 0.999996185 0.001862671 0.009808456 -0.009705164 -0.001882336 0.999951184 1.493289113
0.999949694 0.001127798 0.009968729 0.000529801 -0.001151192 0.999996603 0.002341222 0.008573463 -0.009966055 -0.002352580 0.999947488 1.543617964
0.999955654 0.001678764 0.009272535 0.000729946 -0.001693325 0.999997437 0.001562700 0.008908547 -0.009269887 -0.001578333 0.999955773 1.593970180
0.999962568 0.002187640 0.008373363 0.001331382 -0.002205500 0.999995410 0.002124253 0.008282092 -0.008368677 -0.002142642 0.999962628 1.644637108
0.999964893 0.002379874 0.008030844 0.001303445 -0.002408101 0.999990940 0.003507070 0.008714540 -0.008022426 -0.003526286 0.999961615 1.693957567
0.999964118 0.002248482 0.008157312 0.000610039 -0.002289105 0.999985039 0.004974118 0.008688916 -0.008146003 -0.004992613 0.999954402 1.742115617
0.999974489 0.001442529 0.006990937 0.001728619 -0.001494444 0.999971271 0.007426469 0.007836511 -0.006980024 -0.007436727 0.999947965 1.792763829
0.999975979 0.002685666 0.006393824 0.001451552 -0.002727197 0.999975145 0.006495663 0.009138144 -0.006376220 -0.006512945 0.999958456 1.840856194
0.999984920 0.000989613 0.005401260 0.002308772 -0.001025408 0.999977589 0.006628432 0.009506047 -0.005394580 -0.006633870 0.999963462 1.890037775
0.999987662 -0.000268524 0.004980655 0.002568012 0.000233284 0.999974966 0.007074622 0.009378837 -0.004982431 -0.007073372 0.999962568 1.938525915
0.999990642 -0.000596283 0.004271238 0.002627383 0.000567632 0.999977291 0.006705974 0.010002109 -0.004275139 -0.006703486 0.999968410 1.986161828
0.999993801 -0.000884010 0.003407576 0.003250683 0.000866187 0.999985933 0.005228356 0.010170513 -0.003412150 -0.005225372 0.999980509 2.033877850
0.999997139 -0.000065523 0.002375020 0.003401296 0.000058435 0.999995589 0.002984302 0.010495372 -0.002375205 -0.002984154 0.999992788 2.080644131
0.999995112 -0.001145933 0.002902123 0.001879117 0.001139926 0.999997199 0.002070654 0.010408936 -0.002904488 -0.002067336 0.999993563 2.126914740
0.999998093 0.000484340 0.001882665 0.003413833 -0.000487722 0.999998271 0.001796549 0.011458054 -0.001881791 -0.001797463 0.999996543 2.175122738
0.999997497 0.001177844 0.001904270 0.002782768 -0.001183916 0.999994159 0.003190731 0.011120593 -0.001900501 -0.003192978 0.999993086 2.221113920
0.999997437 0.001166437 0.001895816 0.002184195 -0.001176585 0.999984920 0.005360779 0.010564430 -0.001889535 -0.005362996 0.999983847 2.267889977
0.999997139 0.001240348 0.002061137 0.001458804 -0.001252246 0.999982595 0.005780994 0.011080503 -0.002053930 -0.005783559 0.999981165 2.312149525
0.999998629 0.000256823 0.001631909 0.001599536 -0.000269449 0.999969959 0.007741505 0.010577107 -0.001629871 -0.007741934 0.999968708 2.359577894
0.999998391 -0.000329820 0.001818213 0.001078900 0.000313703 0.999960780 0.008857567 0.010952529 -0.001821063 -0.008856981 0.999959111 2.404227257
0.999999404 -0.000549602 0.000823964 0.001961493 0.000541947 0.999956965 0.009262505 0.012375597 -0.000829019 -0.009262053 0.999956787 2.449394941
0.999999046 -0.000117582 0.001384345 0.001351119 0.000105298 0.999960661 0.008870238 0.012915149 -0.001385334 -0.008870082 0.999959648 2.492856264
0.999998808 0.000096715 0.001569426 0.001139837 -0.000110833 0.999959469 0.008998284 0.012027921 -0.001568493 -0.008998447 0.999958277 2.533994675
0.999998331 0.000878269 0.001597399 0.000603531 -0.000891223 0.999966621 0.008126765 0.013376003 -0.001590208 -0.008128175 0.999965668 2.575035810
0.999998510 0.000891249 0.001422215 0.001403765 -0.000901355 0.999974251 0.007120901 0.013617989 -0.001415831 -0.007122173 0.999973655 2.615942240
0.999997497 0.000745948 0.002111209 0.000887257 -0.000761205 0.999973536 0.007235007 0.013345532 -0.002105756 -0.007236596 0.999971628 2.654474974
0.999996483 0.001245295 0.002340829 0.001063126 -0.001262762 0.999971330 0.007475472 0.013866506 -0.002331452 -0.007478401 0.999969363 2.691541672
0.999995053 0.002236475 0.002201790 0.000815067 -0.002255029 0.999961674 0.008461126 0.014060328 -0.002182783 -0.008466049 0.999961793 2.728237391
0.999994278 0.002620658 0.002156961 0.001172031 -0.002640011 0.999955833 0.009019124 0.013932555 -0.002133230 -0.009024765 0.999957025 2.762648821
0.999995470 0.001999729 0.002243293 0.001472676 -0.002021024 0.999952495 0.009531238 0.014219582 -0.002224127 -0.009535730 0.999952078 2.795940876
0.999992847 0.002157460 0.003113128 0.000269676 -0.002189982 0.999942601 0.010481155 0.014063862 -0.003090337 -0.010487898 0.999940217 2.828657866
0.999991536 0.001792609 0.003708176 0.000077943 -0.001827938 0.999952734 0.009546176 0.014402843 -0.003690888 -0.009552876 0.999947488 2.859177351
0.999989629 0.001992155 0.004101011 -0.000543673 -0.002027558 0.999960542 0.008646727 0.014378338 -0.004083624 -0.008654949 0.999954224 2.889251709
0.999992192 0.002125385 0.003329016 0.000197621 -0.002152122 0.999965310 0.008048371 0.014602226 -0.003311794 -0.008055471 0.999962091 2.918796301
0.999987721 0.002729213 0.004135243 -0.000618700 -0.002759090 0.999969959 0.007236231 0.014579969 -0.004115370 -0.007247551 0.999965250 2.946291924
0.999993801 0.000561950 0.003460045 0.000175677 -0.000581070 0.999984562 0.005527352 0.014853125 -0.003456885 -0.005529330 0.999978721 2.974412918
0.999995172 0.000491099 0.003067554 -0.000249550 -0.000502706 0.999992669 0.003784164 0.014902676 -0.003065674 -0.003785688 0.999988139 3.000760555
0.999997616 0.000253750 0.002201189 0.000089097 -0.000256931 0.999998927 0.001445225 0.015068207 -0.002200820 -0.001445787 0.999996543 3.028448105
0.999998748 0.000915718 0.001387862 -0.000044417 -0.000918062 0.999998152 0.001689203 0.014891008 -0.001386313 -0.001690476 0.999997556 3.054476023
0.999999702 0.000808941 0.000185213 -0.000370826 -0.000809183 0.999998868 0.001310262 0.015484894 -0.000184153 -0.001310411 0.999999106 3.080418348
0.999999642 0.000760367 -0.000319358 -0.000348960 -0.000759410 0.999995232 0.002986782 0.015117833 0.000321627 -0.002986539 0.999995410 3.106204987
0.999997795 0.001777393 -0.001133671 -0.000882124 -0.001772549 0.999989331 0.004260186 0.015026543 0.001141231 -0.004258167 0.999990225 3.131142139
0.999997437 0.001598264 -0.001609758 -0.000712994 -0.001590822 0.999988079 0.004613622 0.015320236 0.001617113 -0.004611049 0.999988079 3.156467915
0.999996006 0.002202118 -0.001792084 -0.001194010 -0.002191892 0.999981403 0.005688680 0.015384346 0.001804578 -0.005684730 0.999982238 3.181034803
0.999994040 0.002518304 -0.002360600 -0.001133086 -0.002503662 0.999977648 0.006185635 0.015564197 0.002376124 -0.006179687 0.999978065 3.204226494
0.999993503 0.002487606 -0.002622446 -0.001412346 -0.002468825 0.999971390 0.007140804 0.015477167 0.002640134 -0.007134282 0.999971092 3.227156162
0.999991894 0.003045526 -0.002640471 -0.001565157 -0.003027495 0.999972284 0.006806019 0.015883874 0.002661126 -0.006797970 0.999973297 3.248663902
0.999993443 0.002269016 -0.002826326 -0.001575595 -0.002247113 0.999967694 0.007728821 0.015560488 0.002843771 -0.007722418 0.999966145 3.269616127
0.999991119 0.003457885 -0.002399510 -0.001997783 -0.003439225 0.999964178 0.007737416 0.016082659 0.002426180 -0.007729097 0.999967158 3.289057255
0.999986529 0.004599084 -0.002367799 -0.002124741 -0.004580219 0.999958158 0.007911834 0.016190689 0.002404087 -0.007900883 0.999965906 3.308096170
0.999983191 0.005260888 -0.002390112 -0.002275539 -0.005242471 0.999957085 0.007647068 0.016252562 0.002430239 -0.007634411 0.999967873 3.326362848
0.999987483 0.004655464 -0.001824485 -0.002275858 -0.004640785 0.999957502 0.007968739 0.016117087 0.001861505 -0.007960172 0.999966562 3.342213154
0.999992192 0.003740564 -0.001282947 -0.002745735 -0.003730827 0.999964833 0.007509185 0.016656786 0.001310990 -0.007504340 0.999970973 3.358760118
0.999992192 0.003787577 -0.001147985 -0.002689881 -0.003779284 0.999967337 0.007142092 0.016660657 0.001174998 -0.007137699 0.999973834 3.373709917
0.999990642 0.004264926 -0.000716503 -0.002478930 -0.004260569 0.999972999 0.005975812 0.016640808 0.000741970 -0.005972703 0.999981821 3.388067245
0.999987602 0.004977938 -0.000227410 -0.002883421 -0.004976659 0.999973476 0.005314059 0.016079877 0.000253857 -0.005312861 0.999985814 3.401914835
0.999986112 0.005247039 -0.000476936 -0.002495946 -0.005245008 0.999977529 0.004164268 0.016066067 0.000498775 -0.004161708 0.999991238 3.416688681
0.999988496 0.004775056 -0.000316596 -0.003005942 -0.004774071 0.999984086 0.003041947 0.016687034 0.000331116 -0.003040401 0.999995351 3.430764437
0.999988854 0.004710175 -0.000334641 -0.003088541 -0.004709126 0.999984205 0.003070879 0.016703546 0.000349100 -0.003069269 0.999995172 3.444753170
0.999989986 0.004345244 -0.001029324 -0.002795255 -0.004342020 0.999985695 0.003113460 0.016642800 0.001042838 -0.003108959 0.999994695 3.458639860
0.999989271 0.004514451 -0.001031013 -0.003185827 -0.004511575 0.999985993 0.002773976 0.017029747 0.001043522 -0.002769295 0.999995649 3.472212553
0.999990106 0.004315106 -0.001107320 -0.003458092 -0.004312072 0.999987006 0.002728410 0.017167766 0.001119079 -0.002723609 0.999995708 3.485581636
0.999991179 0.004041966 -0.001117569 -0.003690187 -0.004038769 0.999987900 0.002847689 0.016757607 0.001129066 -0.002843150 0.999995351 3.498989582
0.999991715 0.003810658 -0.001376429 -0.003824200 -0.003807738 0.999990463 0.002117912 0.016996663 0.001384486 -0.002112653 0.999996781 3.511976719
0.999989092 0.004198451 -0.002016116 -0.003483974 -0.004195093 0.999989808 0.001666924 0.017231258 0.002023094 -0.001658448 0.999996603 3.525334597
0.999987304 0.004547591 -0.002122134 -0.003946845 -0.004542807 0.999987066 0.002254315 0.017086154 0.002132358 -0.002244646 0.999995232 3.538344860
0.999988616 0.004153307 -0.002313287 -0.004006403 -0.004147536 0.999988258 0.002493588 0.017118100 0.002323617 -0.002483965 0.999994218 3.550817966
0.999988973 0.004133763 -0.002194821 -0.004513829 -0.004128073 0.999988139 0.002590466 0.017290901 0.002205504 -0.002581377 0.999994278 3.563060999
0.999988258 0.003996621 -0.002724067 -0.004382232 -0.003988944 0.999988079 0.002817876 0.017319528 0.002735296 -0.002806977 0.999992311 3.575976610
0.999987245 0.004199136 -0.002801702 -0.004416605 -0.004190430 0.999986351 0.003106472 0.017339343 0.002814709 -0.003094692 0.999991238 3.587550640
0.999985933 0.004199992 -0.003235707 -0.004319808 -0.004190479 0.999986887 0.002941561 0.017560955 0.003248019 -0.002927961 0.999990404 3.599475622
0.999987245 0.003973925 -0.003094443 -0.004764406 -0.003964657 0.999987662 0.002995401 0.017539257 0.003106309 -0.002983095 0.999990702 3.610605240
0.999988317 0.003331752 -0.003503710 -0.004753082 -0.003320632 0.999989450 0.003175105 0.017443478 0.003514252 -0.003163433 0.999988794 3.621674776
0.999989271 0.002948117 -0.003553403 -0.004630826 -0.002934978 0.999988854 0.003696972 0.017507639 0.003564263 -0.003686504 0.999986768 3.631355047
0.999990702 0.002134269 -0.003736919 -0.004869035 -0.002118653 0.999988973 0.004177893 0.017565530 0.003745795 -0.004169937 0.999984205 3.640818357
0.999990046 0.002003177 -0.003972097 -0.004775918 -0.001984041 0.999986470 0.004815528 0.017314272 0.003981690 -0.004807600 0.999980450 3.650034904
0.999988794 0.002591596 -0.003934098 -0.005102200 -0.002570282 0.999982119 0.005412946 0.017363468 0.003948057 -0.005402775 0.999977529 3.658283949
0.999985218 0.003436372 -0.004201090 -0.004929763 -0.003412536 0.999977946 0.005667732 0.017417904 0.004220476 -0.005653313 0.999975085 3.665704012
0.999985516 0.003480917 -0.004095147 -0.005263027 -0.003457332 0.999977350 0.005752485 0.017613251 0.004115080 -0.005738244 0.999975026 3.672114134
0.999984562 0.003619005 -0.004201472 -0.005308804 -0.003596346 0.999978900 0.005388236 0.017893838 0.004220886 -0.005373043 0.999976635 3.678011656
0.999984980 0.003362840 -0.004331274 -0.005421587 -0.003342377 0.999983132 0.004722894 0.017825577 0.004347085 -0.004708346 0.999979436 3.683086395
0.999983609 0.003487355 -0.004533631 -0.005293231 -0.003469222 0.999985874 0.004001444 0.017623492 0.004547523 -0.003985651 0.999981642 3.687524796
0.999982059 0.003866291 -0.004561623 -0.005370704 -0.003850521 0.999986529 0.003460827 0.017774388 0.004574942 -0.003443202 0.999983549 3.691903830
0.999982297 0.003993915 -0.004390161 -0.005655836 -0.003977883 0.999985337 0.003654519 0.017764054 0.004404693 -0.003636993 0.999983609 3.695760489
0.999981046 0.003805130 -0.004827379 -0.005394819 -0.003787487 0.999985993 0.003658579 0.017817315 0.004841235 -0.003640227 0.999981582 3.699605227
0.999984443 0.003272436 -0.004511846 -0.005493463 -0.003254314 0.999986649 0.004018067 0.017591212 0.004524935 -0.004003322 0.999981761 3.701969385
0.999983728 0.003399676 -0.004576527 -0.005562117 -0.003382593 0.999987364 0.003735363 0.017658107 0.004589168 -0.003719822 0.999982595 3.704965830
0.999983788 0.003599400 -0.004413815 -0.005811442 -0.003583844 0.999987364 0.003527101 0.017607590 0.004426454 -0.003511225 0.999984086 3.707600117
0.999982297 0.003901298 -0.004485655 -0.005906133 -0.003888242 0.999988139 0.002915576 0.017753113 0.004496976 -0.002898083 0.999985695 3.710209370
0.999981821 0.003910141 -0.004596626 -0.005842303 -0.003899762 0.999989867 0.002264644 0.017737634 0.004605435 -0.002246677 0.999986887 3.712652206
0.999980688 0.003970181 -0.004779141 -0.005731790 -0.003957675 0.999988735 0.002623348 0.017650854 0.004789503 -0.002604382 0.999985158 3.714994431
0.999980748 0.003962260 -0.004775828 -0.005748847 -0.003949562 0.999988675 0.002665469 0.017750632 0.004786335 -0.002646555 0.999985039 3.717138529
0.999981344 0.003787855 -0.004791840 -0.005818587 -0.003774826 0.999989152 0.002725174 0.017727228 0.004802110 -0.002707035 0.999984860 3.718915701
0.999980807 0.003865555 -0.004841184 -0.005754595 -0.003851535 0.999988377 0.002902087 0.017710580 0.004852346 -0.002883385 0.999984086 3.720949173
0.999981105 0.003801385 -0.004809624 -0.005819960 -0.003785739 0.999987543 0.003258059 0.017481610 0.004821949 -0.003239790 0.999983132 3.722277164
0.999982238 0.003480997 -0.004835899 -0.005812010 -0.003465495 0.999988854 0.003210224 0.017611379 0.004847020 -0.003193408 0.999983191 3.723670721
0.999980807 0.003835619 -0.004866326 -0.005841053 -0.003819706 0.999987364 0.003275056 0.017606048 0.004878827 -0.003256406 0.999982774 3.724325657
0.999980986 0.003712448 -0.004917660 -0.005733305 -0.003696038 0.999987543 0.003341743 0.017708797 0.004930005 -0.003323503 0.999982357 3.724891186
0.999980688 0.003826473 -0.004882765 -0.005742569 -0.003809845 0.999986947 0.003410224 0.017702047 0.004895751 -0.003391556 0.999982297 3.724931240
0.999979675 0.003855216 -0.005072750 -0.005621894 -0.003840509 0.999988437 0.002905776 0.017901737 0.005083894 -0.002886236 0.999982893 3.724591970
0.999982357 0.003258441 -0.004960581 -0.005672162 -0.003247539 0.999992311 0.002204091 0.017716723 0.004967725 -0.002187943 0.999985278 3.724594831
0.999982834 0.002894038 -0.005077850 -0.005512899 -0.002884956 0.999994278 0.001794739 0.017413920 0.005083015 -0.001780059 0.999985516 3.724510670
0.999982595 0.002936709 -0.005105835 -0.005492582 -0.002926211 0.999993563 0.002062217 0.017570699 0.005111860 -0.002047241 0.999984920 3.724621534
0.999983132 0.002922490 -0.005004424 -0.005592303 -0.002914400 0.999994576 0.001622928 0.017652780 0.005009139 -0.001608316 0.999986231 3.724844456
0.999982715 0.002939965 -0.005073913 -0.005724907 -0.002934857 0.999995291 0.001014006 0.017563337 0.005076869 -0.000999098 0.999986708 3.724722624
0.999982893 0.002843151 -0.005103060 -0.005675546 -0.002839075 0.999995708 0.000805882 0.017479826 0.005105327 -0.000791380 0.999986768 3.725152493
0.999982417 0.003021578 -0.005093551 -0.005612427 -0.003018435 0.999995351 0.000624641 0.017582860 0.005095413 -0.000609255 0.999986947 3.725748539
0.999982119 0.003151909 -0.005051369 -0.005748278 -0.003150853 0.999995053 0.000216875 0.017784923 0.005052027 -0.000200954 0.999987245 3.726339102
0.999981821 0.003310951 -0.005030451 -0.005803273 -0.003308934 0.999994397 0.000409158 0.017808635 0.005031778 -0.000392504 0.999987364 3.727104664
0.999983311 0.003264253 -0.004751767 -0.006052687 -0.003261566 0.999994576 0.000572956 0.017724317 0.004753612 -0.000557448 0.999988675 3.727920294
0.999982417 0.003342084 -0.004890550 -0.005907958 -0.003340628 0.999994397 0.000305744 0.017808009 0.004891546 -0.000289401 0.999988139 3.729104280
0.999982119 0.003187108 -0.005051676 -0.005822598 -0.003185638 0.999994934 0.000299042 0.017648850 0.005052604 -0.000282943 0.999987304 3.730532646
0.999981880 0.003045307 -0.005202556 -0.005724471 -0.003046722 0.999995351 -0.000263941 0.017849725 0.005201730 0.000279787 0.999986410 3.732199907
0.999981582 0.002970934 -0.005302250 -0.005599781 -0.002976289 0.999995172 -0.001002359 0.017835431 0.005299246 0.001018122 0.999985397 3.734313011
0.999980450 0.003053204 -0.005458970 -0.005554278 -0.003064065 0.999993324 -0.001982245 0.017943235 0.005452882 0.001998933 0.999983132 3.736835718
0.999980807 0.003259379 -0.005261993 -0.005727504 -0.003273180 0.999991238 -0.002616306 0.017972309 0.005253419 0.002633480 0.999982715 3.740198135
0.999982893 0.003140314 -0.004936907 -0.005952424 -0.003155021 0.999990582 -0.002973852 0.017780017 0.004927521 0.002989378 0.999983370 3.743470907
0.999985158 0.003095808 -0.004483237 -0.006059679 -0.003110217 0.999989986 -0.003210758 0.017811701 0.004473253 0.003224654 0.999984741 3.748246670
0.999987543 0.003263375 -0.003769647 -0.006751078 -0.003277462 0.999987602 -0.003736927 0.018043354 0.003757405 0.003749236 0.999985933 3.753268957
0.999990344 0.003636569 -0.002474350 -0.007874796 -0.003647936 0.999982715 -0.004604802 0.018458644 0.002457561 0.004613783 0.999986351 3.758714914
0.999988616 0.002788579 -0.003859238 -0.006009719 -0.002804321 0.999987662 -0.004079577 0.017800782 0.003847815 0.004090353 0.999984205 3.766049862
0.999990284 0.002543349 -0.003605980 -0.006143037 -0.002560443 0.999985397 -0.004743880 0.017877666 0.003593864 0.004753066 0.999982238 3.773846626
0.999992609 0.002300056 -0.003088548 -0.006430977 -0.002315816 0.999984205 -0.005108725 0.017654205 0.003076750 0.005115840 0.999982178 3.782641411
0.999993801 0.002336966 -0.002641613 -0.006181657 -0.002353332 0.999977887 -0.006209659 0.017934380 0.002627044 0.006215837 0.999977171 3.791993856
0.999993086 0.002929442 -0.002339084 -0.006137408 -0.002945865 0.999970794 -0.007048593 0.018265652 0.002318368 0.007055434 0.999972403 3.802579641
0.999993265 0.003279085 -0.001662351 -0.006392344 -0.003291541 0.999966145 -0.007546751 0.018335614 0.001637549 0.007552174 0.999970138 3.814238787
0.999995291 0.002677513 -0.001472351 -0.005921658 -0.002688786 0.999966621 -0.007708331 0.018389482 0.001451662 0.007712254 0.999969244 3.826724529
0.999997437 0.002104299 -0.000802176 -0.006422774 -0.002110284 0.999969363 -0.007535722 0.018352676 0.000786294 0.007537396 0.999971271 3.840834141
0.999998629 0.001696783 -0.000312691 -0.006132571 -0.001699203 0.999967277 -0.007906904 0.018303588 0.000299265 0.007907424 0.999968708 3.855134487
0.999998093 0.001863968 0.000579189 -0.006328340 -0.001859398 0.999967873 -0.007794173 0.018253973 -0.000593699 0.007793082 0.999969482 3.871333838
0.999996305 0.002526350 0.000999187 -0.006289727 -0.002517854 0.999961376 -0.008413846 0.018296219 -0.001020405 0.008411301 0.999964118 3.887685776
0.999995828 0.002550333 0.001379426 -0.006278436 -0.002537761 0.999955893 -0.009040321 0.018267035 -0.001402421 0.009036781 0.999958217 3.906257391
0.999994099 0.002355037 0.002478049 -0.006578160 -0.002332214 0.999955177 -0.009173064 0.018263690 -0.002499540 0.009167232 0.999954879 3.924893618
0.999993443 0.001760890 0.003153064 -0.006764375 -0.001733001 0.999959469 -0.008826206 0.018190246 -0.003168478 0.008820683 0.999956071 3.944871187
0.999992609 0.001361400 0.003574747 -0.006496266 -0.001329635 0.999959707 -0.008873343 0.018332969 -0.003586683 0.008868526 0.999954283 3.966190338
0.999988973 0.000885007 0.004622724 -0.006757116 -0.000845452 0.999962986 -0.008551619 0.018074892 -0.004630122 0.008547615 0.999952734 3.988112211
0.999984503 0.001309122 0.005411975 -0.005989632 -0.001261335 0.999960184 -0.008823955 0.018422395 -0.005423312 0.008816991 0.999946415 4.010983944
0.999980211 0.000420727 0.006281011 -0.005931865 -0.000360997 0.999954700 -0.009507764 0.018404752 -0.006284727 0.009505309 0.999935091 4.034385681
0.999971569 0.000851571 0.007489980 -0.006061891 -0.000784378 0.999959469 -0.008969420 0.018362887 -0.007497314 0.008963290 0.999931753 4.059057236
0.999963522 0.001578749 0.008392072 -0.005885575 -0.001515576 0.999970376 -0.007528660 0.018208778 -0.008403710 0.007515667 0.999936461 4.085058212
0.999956965 0.002147211 0.009020421 -0.004883837 -0.002085744 0.999974549 -0.006817997 0.018789764 -0.009034830 0.006798890 0.999936044 4.111283302
0.999945939 0.002086125 0.010185281 -0.005410288 -0.002020340 0.999977052 -0.006464807 0.018584762 -0.010198534 0.006443880 0.999927163 4.137893200
0.999943733 0.001248764 0.010534447 -0.004478641 -0.001179725 0.999977767 -0.006557334 0.019377377 -0.010542402 0.006544536 0.999922991 4.166136742
0.999930561 0.001532834 0.011682447 -0.004248343 -0.001472161 0.999985337 -0.005200384 0.018561190 -0.011690248 0.005182824 0.999918163 4.192986965
0.999908924 0.002259264 0.013301634 -0.004373174 -0.002193931 0.999985397 -0.004924159 0.019366197 -0.013312567 0.004894528 0.999899387 4.222799301
0.999891520 0.001713702 0.014630096 -0.004512541 -0.001642624 0.999986768 -0.004868998 0.019751757 -0.014638247 0.004844437 0.999881089 4.252208710
0.999885499 0.001733977 0.015032758 -0.003016800 -0.001656486 0.999985278 -0.005165705 0.019910235 -0.015041494 0.005140212 0.999873638 4.284146786
0.999872446 0.001632637 0.015881464 -0.002479546 -0.001564107 0.999989450 -0.004326542 0.019503159 -0.015888359 0.004301150 0.999864519 4.315462589
0.999864936 0.000798158 0.016413841 -0.000947274 -0.000721355 0.999988735 -0.004684534 0.020103943 -0.016417393 0.004672062 0.999854267 4.349824905
0.999854445 0.000397373 0.017059611 -0.000620790 -0.000303959 0.999984980 -0.005477948 0.020385457 -0.017061535 0.005471965 0.999839425 4.382679939
0.999837399 0.001590320 0.017958611 -0.001098037 -0.001492949 0.999984086 -0.005434105 0.019971818 -0.017966967 0.005406411 0.999823928 4.415123940
0.999823749 0.002073443 0.018656608 -0.001461513 -0.001958072 0.999978840 -0.006200112 0.020573473 -0.018669065 0.006162489 0.999806702 4.448499203
0.999826491 0.000953130 0.018610206 0.000196926 -0.000839547 0.999980986 -0.006110130 0.020182684 -0.018615676 0.006093444 0.999808133 4.480556488
0.999839664 -0.000401419 0.017908169 0.002819240 0.000501130 0.999984384 -0.005563803 0.020139845 -0.017905653 0.005571885 0.999824107 4.517758369
0.999811828 -0.000541552 0.019392302 0.001189925 0.000613779 0.999992907 -0.003718790 0.019452490 -0.019390149 0.003729992 0.999805033 4.549868107
0.999814451 -0.000520033 0.019254539 0.002053864 0.000564721 0.999997199 -0.002315522 0.019997858 -0.019253280 0.002325966 0.999812007 4.584703445
0.999823391 0.000027164 0.018792558 0.004013225 0.000002464 0.999998748 -0.001576568 0.021056021 -0.018792575 0.001576335 0.999822259 4.624154568
0.999824762 -0.000388643 0.018716631 0.004364587 0.000401529 0.999999702 -0.000684720 0.021141866 -0.018716363 0.000692115 0.999824643 4.659499168
0.999807537 0.001407718 0.019568497 0.003498986 -0.001411748 0.999998987 0.000192102 0.021302585 -0.019568209 -0.000219691 0.999808490 4.694330692
0.999798298 0.001232230 0.020046234 0.002364159 -0.001217359 0.999998987 -0.000754013 0.021628542 -0.020047141 0.000729457 0.999798715 4.728440762
0.999816060 0.001875594 0.019086501 0.004257217 -0.001857369 0.999997914 -0.000972560 0.021590453 -0.019088283 0.000936931 0.999817371 4.767212868
0.999822557 0.000423441 0.018830571 0.005239807 -0.000413710 0.999999762 -0.000520610 0.020683147 -0.018830787 0.000512727 0.999822557 4.805131435
0.999817312 -0.000650303 0.019101599 0.004839711 0.000661190 0.999999583 -0.000563595 0.020234879 -0.019101229 0.000576122 0.999817431 4.841337681
0.999827862 0.001658756 0.018474407 0.006525710 -0.001621687 0.999996603 -0.002021312 0.021863889 -0.018477701 0.001991005 0.999827325 4.879427433
0.999832213 0.002039806 0.018202655 0.007053599 -0.002001112 0.999995708 -0.002143693 0.022008624 -0.018206948 0.002106907 0.999832153 4.918093204
0.999849737 0.000801457 0.017315261 0.007450841 -0.000770595 0.999998093 -0.001788902 0.022467498 -0.017316664 0.001775290 0.999848545 4.954862118
0.999865592 -0.000388356 0.016387975 0.006683677 0.000404040 0.999999464 -0.000953723 0.022496255 -0.016387597 0.000960216 0.999865234 4.992693424
0.999896586 -0.002994990 0.014063600 0.007758528 0.002988608 0.999995470 0.000474807 0.022274408 -0.014064960 -0.000432727 0.999900937 5.033023357
0.999938428 -0.002990034 0.010683703 0.009298466 0.002982293 0.999995291 0.000740373 0.022668205 -0.010685867 -0.000708466 0.999942660 5.072773457
0.999965489 -0.003699968 0.007430396 0.009743487 0.003687105 0.999991715 0.001744004 0.022923402 -0.007436784 -0.001716547 0.999970913 5.111493111
0.999976635 -0.005055282 0.004600027 0.009233804 0.005044515 0.999984622 0.002349211 0.022753328 -0.004611831 -0.002325951 0.999986649 5.149785519
0.999989033 -0.004384470 0.001622058 0.008667913 0.004382052 0.999989331 0.001491099 0.023316883 -0.001628580 -0.001483975 0.999997556 5.187915325
0.999981105 -0.005633958 -0.002447440 0.008297951 0.005639140 0.999981821 0.002115815 0.022859868 0.002435475 -0.002129576 0.999994755 5.225996017
0.999955058 -0.005689527 -0.007579888 0.008139648 0.005703739 0.999981999 0.001854660 0.023253072 0.007569198 -0.001897811 0.999969602 5.264864445
0.999910414 -0.005994338 -0.011966808 0.006338030 0.006016492 0.999980271 0.001816218 0.023197368 0.011955684 -0.001888054 0.999926805 5.302630901
0.999828100 -0.005118269 -0.017820016 0.006072551 0.005164879 0.999983311 0.002570609 0.023634046 0.017806565 -0.002662205 0.999837875 5.341524601
0.999729156 -0.003457867 -0.023012368 0.005876981 0.003536089 0.999988079 0.003359332 0.022867437 0.023000481 -0.003439796 0.999729574 5.378593445
0.999584973 -0.005802568 -0.028212588 0.003040418 0.005897341 0.999977291 0.003277228 0.024264993 0.028192932 -0.003442247 0.999596655 5.417494297
0.999362707 -0.007436267 -0.034911416 0.002643213 0.007571826 0.999964237 0.003752314 0.023671187 0.034882270 -0.004014265 0.999383509 5.453428745
0.999125898 -0.008649562 -0.040897343 0.000408620 0.008762004 0.999958277 0.002570906 0.024327043 0.040873408 -0.002927001 0.999160111 5.490114689
0.998812914 -0.010722292 -0.047514942 -0.001193047 0.010806940 0.999940455 0.001524971 0.024083477 0.047495760 -0.002036652 0.998869419 5.527583122
0.998456836 -0.010739094 -0.054483868 -0.002948105 0.010817327 0.999940813 0.001141164 0.023896426 0.054468393 -0.001728772 0.998513997 5.564908028
0.998104990 -0.011198383 -0.060506877 -0.005628228 0.011198069 0.999937177 -0.000344293 0.024067579 0.060506921 -0.000333920 0.998167813 5.601136208
0.997731328 -0.011716097 -0.066295840 -0.008387506 0.011733371 0.999931157 -0.000128786 0.023395801 0.066292793 -0.000649380 0.997800052 5.637136936
0.997317612 -0.012175196 -0.072175972 -0.011126578 0.012251996 0.999924719 0.000621425 0.023437893 0.072162978 -0.001504058 0.997391641 5.673844814
0.996916533 -0.010582262 -0.077752516 -0.013587177 0.010783189 0.999939501 0.002164769 0.023929095 0.077724881 -0.002996513 0.996970296 5.709409714
0.996566355 -0.008532305 -0.082358688 -0.017299354 0.008940926 0.999949396 0.004593906 0.024194833 0.082315333 -0.005314494 0.996592164 5.745397091
0.996209919 -0.006447320 -0.086741947 -0.020653367 0.007041315 0.999953806 0.006543629 0.024609163 0.086695746 -0.007129606 0.996209383 5.781418800
0.995849311 -0.005415250 -0.090855829 -0.023897529 0.006193291 0.999946535 0.008283736 0.024752902 0.090806119 -0.008812050 0.995829582 5.816368580
0.995594203 -0.003585993 -0.093697295 -0.027486026 0.004269975 0.999965668 0.007100463 0.025883365 0.093668617 -0.007469265 0.995575368 5.851951122
0.995435953 -0.001017514 -0.095425613 -0.031488001 0.001593721 0.999981046 0.005962280 0.025760502 0.095417716 -0.006087151 0.995418668 5.886932850
0.995296538 -0.000731343 -0.096871570 -0.034523904 0.001219029 0.999986887 0.004975269 0.026128391 0.096866637 -0.005069957 0.995284557 5.920818806
0.995321989 0.001016677 -0.096607476 -0.038493633 -0.000648629 0.999992490 0.003841056 0.025897263 0.096610658 -0.003760425 0.995315135 5.954825401
0.995300591 0.002082801 -0.096809983 -0.041590393 -0.001825803 0.999994516 0.002743178 0.026608117 0.096815161 -0.002553531 0.995299101 5.989408493
0.995384514 0.002784977 -0.095926732 -0.045399845 -0.002607384 0.999994755 0.001976646 0.026649006 0.095931724 -0.001717406 0.995386422 6.023314953
0.995480537 0.003448035 -0.094903670 -0.048092544 -0.003334757 0.999993503 0.001352189 0.026580233 0.094907723 -0.001029597 0.995485544 6.056700706
0.995735586 0.004243504 -0.092155762 -0.052531242 -0.004227251 0.999991059 0.000371569 0.026674658 0.092156515 0.000019581 0.995744467 6.090044498
0.995903432 0.005120839 -0.090278134 -0.055277139 -0.005247625 0.999985516 -0.001167098 0.026748180 0.090270832 0.001636063 0.995915890 6.122896194
0.996185780 0.006540653 -0.087012261 -0.058273435 -0.006766318 0.999974430 -0.002298792 0.026868511 0.086994976 0.002878777 0.996204555 6.154908657
0.996498585 0.008743752 -0.083151393 -0.061316103 -0.008935314 0.999958158 -0.001931891 0.026581731 0.083131015 0.002668110 0.996535063 6.186970234
0.996846855 0.010864602 -0.078602180 -0.064085752 -0.010935980 0.999940097 -0.000477649 0.026426107 0.078592271 0.001335734 0.996906042 6.218523502
0.997255266 0.012831680 -0.072919481 -0.066875339 -0.012773160 0.999917626 0.001268823 0.026791291 0.072929755 -0.000333928 0.997336984 6.249488354
0.997689009 0.014402537 -0.066402026 -0.068874717 -0.014202202 0.999893069 0.003488113 0.026449926 0.066445179 -0.002536997 0.997786880 6.280050755
0.998129368 0.014572092 -0.059374984 -0.070293784 -0.014330906 0.999887168 0.004485900 0.026058748 0.059433669 -0.003626612 0.998225689 6.309485912
0.998562574 0.016235393 -0.051080644 -0.072524965 -0.016089011 0.999865234 0.003275587 0.026293805 0.051126942 -0.002449041 0.998689175 6.339065075
0.998923898 0.017765442 -0.042840645 -0.073652208 -0.017698556 0.999841511 0.001940055 0.026268672 0.042868324 -0.001179750 0.999080002 6.367769241
0.999247909 0.017938847 -0.034381736 -0.074334905 -0.017919438 0.999839067 0.000872540 0.026092542 0.034391854 -0.000255782 0.999408364 6.394290924
0.999515593 0.018283920 -0.025189001 -0.075018436 -0.018288478 0.999832749 0.000049569 0.025938487 0.025185697 0.000411123 0.999682665 6.420971394
0.999714732 0.017959882 -0.015748838 -0.075173579 -0.017985757 0.999837160 -0.001503146 0.025536984 0.015719285 0.001785972 0.999874830 6.446437836
0.999809742 0.018660843 -0.005677605 -0.074822925 -0.018677432 0.999821424 -0.002882954 0.025719648 0.005622792 0.002988448 0.999979734 6.472254753
0.999799132 0.019450327 0.004856962 -0.074464381 -0.019429654 0.999802113 -0.004267897 0.025716461 -0.004939013 0.004172671 0.999979079 6.496212482
0.999708474 0.018925147 0.014993783 -0.073752806 -0.018844204 0.999807239 -0.005521364 0.025547586 -0.015095389 0.005237209 0.999872327 6.519399166
0.999541461 0.016404897 0.025448717 -0.073250696 -0.016227851 0.999842703 -0.007148034 0.025193106 -0.025561977 0.006731779 0.999650598 6.542305470
0.999300599 0.013478053 0.034879372 -0.072111040 -0.013230734 0.999885619 -0.007311894 0.025102105 -0.034973934 0.006845301 0.999364853 6.564087391
0.998901904 0.014637280 0.044506155 -0.071006209 -0.014382496 0.999878287 -0.006039577 0.025058497 -0.044589147 0.005392835 0.998990893 6.585671425
0.998394966 0.016725352 0.054109089 -0.069729477 -0.016548613 0.999856234 -0.003712790 0.024845887 -0.054163404 0.002811401 0.998528123 6.606475353
0.997856259 0.018847665 0.062670656 -0.068535894 -0.018771194 0.999822080 -0.001808909 0.024478650 -0.062693596 0.000628628 0.998032749 6.627081871
0.997287631 0.017991196 0.071369223 -0.066787869 -0.018002527 0.999837756 -0.000484542 0.024767358 -0.071366370 -0.000801599 0.997449875 6.647218704
0.996778607 0.013757705 0.079013914 -0.064388871 -0.013785421 0.999904990 -0.000194711 0.024301914 -0.079009101 -0.000895157 0.996873498 6.665970802
