0.999999940 -0.000326246 -0.000067043 -0.000145127 0.000326212 0.999999762 -0.000503289 0.000337407 0.000067207 0.000503267 0.999999821 0.037477545
0.999999464 -0.000994968 -0.000112464 -0.000176280 0.000994988 0.999999464 0.000175047 0.000675411 0.000112289 -0.000175158 1.000000000 0.074913740
0.999998987 -0.001433227 -0.000149023 -0.000295319 0.001433489 0.999997497 0.001776439 0.000879966 0.000146477 -0.001776651 0.999998331 0.112442851
0.999999762 -0.000597983 -0.000158675 -0.000328171 0.000598249 0.999998391 0.001680254 0.001225730 0.000157670 -0.001680349 0.999998569 0.149980828
1.000000000 -0.000020972 -0.000128582 -0.000500867 0.000021193 0.999998510 0.001719619 0.001407878 0.000128546 -0.001719621 0.999998510 0.187539071
0.999999583 0.000877708 -0.000331576 -0.000440763 -0.000876737 0.999995291 0.002914297 0.001377836 0.000334133 -0.002914004 0.999995649 0.225564584
0.999999404 0.001033337 -0.000335341 -0.000539099 -0.001032235 0.999994099 0.003269608 0.001659473 0.000338718 -0.003269260 0.999994576 0.263493985
0.999998629 0.001664680 -0.000132545 -0.000724361 -0.001664212 0.999992728 0.003457358 0.001907195 0.000138300 -0.003457133 0.999993980 0.301329523
0.999998927 0.001480789 -0.000018951 -0.000834938 -0.001480712 0.999992490 0.003585338 0.002007018 0.000024260 -0.003585305 0.999993563 0.339947522
0.999995053 0.003118433 0.000461078 -0.001237842 -0.003119685 0.999991357 0.002737907 0.002412355 -0.000452537 -0.002739331 0.999996126 0.376486063
0.999994397 0.003265209 0.000782583 -0.001341369 -0.003267085 0.999991775 0.002407247 0.002438978 -0.000774716 -0.002409790 0.999996781 0.415493518
0.999990404 0.003991579 0.001870207 -0.001620999 -0.003997468 0.999987006 0.003156157 0.003066924 -0.001857585 -0.003163602 0.999993265 0.450972080
0.999987900 0.004359274 0.002271859 -0.001583867 -0.004367240 0.999984264 0.003513540 0.003224979 -0.002256507 -0.003523419 0.999991238 0.490254700
0.999989927 0.003590025 0.002702986 -0.001764008 -0.003599603 0.999987364 0.003547240 0.003509887 -0.002690217 -0.003556934 0.999990046 0.527341127
0.999987066 0.003626003 0.003580470 -0.002217451 -0.003639171 0.999986649 0.003678286 0.003998659 -0.003567085 -0.003691268 0.999986768 0.565172613
0.999986589 0.002911244 0.004263231 -0.001973089 -0.002933816 0.999981642 0.005297774 0.003849834 -0.004247730 -0.005310211 0.999976873 0.600160837
0.999983668 0.002487624 0.005139976 -0.001873128 -0.002511903 0.999985695 0.004722392 0.004218834 -0.005128154 -0.004735226 0.999975622 0.636114359
0.999981344 0.002845936 0.005405047 -0.002066453 -0.002865672 0.999989271 0.003647266 0.004487866 -0.005394609 -0.003662687 0.999978721 0.673121035
0.999978065 0.002830847 0.005992141 -0.001881209 -0.002847015 0.999992371 0.002691380 0.004797687 -0.005984475 -0.002708380 0.999978423 0.710057557
0.999974251 0.002860681 0.006568538 -0.002009629 -0.002882986 0.999990106 0.003388801 0.004891942 -0.006558777 -0.003407651 0.999972701 0.745317876
0.999969959 0.002943116 0.007163487 -0.002001695 -0.002971330 0.999987841 0.003931250 0.005108926 -0.007151829 -0.003952417 0.999966621 0.782071590
0.999957681 0.004396954 0.008082700 -0.002235500 -0.004429609 0.999982059 0.004026630 0.005470781 -0.008064851 -0.004062263 0.999959171 0.817030549
0.999949038 0.005116832 0.008704926 -0.002550892 -0.005133545 0.999985039 0.001898619 0.006064292 -0.008695080 -0.001943209 0.999960244 0.852622569
0.999936700 0.005738285 0.009673885 -0.002723042 -0.005745015 0.999983251 0.000667981 0.006293653 -0.009669889 -0.000723516 0.999952972 0.886893928
0.999939144 0.005558936 0.009526324 -0.001140742 -0.005583601 0.999981046 0.002564419 0.005715218 -0.009511887 -0.002617454 0.999951363 0.922616899
0.999938250 0.004930089 0.009963227 -0.001202296 -0.004986338 0.999971688 0.005628759 0.005395881 -0.009935196 -0.005678091 0.999934494 0.956943274
0.999938667 0.003751195 0.010418283 -0.001170642 -0.003817733 0.999972343 0.006374241 0.006023115 -0.010394084 -0.006413625 0.999925435 0.992722988
0.999947667 0.002988628 0.009782328 0.000306197 -0.003045759 0.999978304 0.005830524 0.005852416 -0.009764694 -0.005860013 0.999935150 1.026769519
0.999954700 0.001777734 0.009339266 0.000412029 -0.001821381 0.999987423 0.004667155 0.006304109 -0.009330855 -0.004683954 0.999945521 1.062494159
0.999958694 0.002143048 0.008831213 0.001081793 -0.002167918 0.999993742 0.002807479 0.006629180 -0.008825141 -0.002826508 0.999957085 1.097777605
0.999951899 0.002241163 0.009549840 0.000656927 -0.002262124 0.999994993 0.002184567 0.006159024 -0.009544897 -0.002206065 0.999952018 1.130623937
0.999951124 0.002537042 0.009552790 0.000350553 -0.002555032 0.999994993 0.001871447 0.006352203 -0.009547994 -0.001895764 0.999952614 1.163833022
0.999955118 0.001986838 0.009262037 0.000466841 -0.002013612 0.999993742 0.002882252 0.006134702 -0.009256251 -0.002900773 0.999953032 1.196046233
0.999970734 0.002261129 0.007309115 0.002059467 -0.002291673 0.999988675 0.004173232 0.005784766 -0.007299594 -0.004189860 0.999964535 1.232547760
0.999971390 0.002512337 0.007135858 0.002176371 -0.002553720 0.999979973 0.005796133 0.005792002 -0.007121154 -0.005814190 0.999957740 1.264765739
0.999973536 0.002739938 0.006729443 0.002049839 -0.002787263 0.999971449 0.007033318 0.006021508 -0.006709978 -0.007051890 0.999952614 1.299736738
0.999981463 0.002522668 0.005558582 0.002754118 -0.002562393 0.999971151 0.007150994 0.006048440 -0.005540384 -0.007165104 0.999958992 1.333024025
0.999989092 0.001231141 0.004512373 0.003269734 -0.001263996 0.999972582 0.007285430 0.006633360 -0.004503281 -0.007291053 0.999963224 1.367089987
0.999989510 -0.000115963 0.004584651 0.003632372 0.000080245 0.999969602 0.007790353 0.006028416 -0.004585415 -0.007789902 0.999959111 1.398013592
0.999991536 0.000053985 0.004112850 0.002899648 -0.000082361 0.999976158 0.006899345 0.007201912 -0.004112381 -0.006899625 0.999967754 1.431665540
0.999993682 -0.000469294 0.003522949 0.003098682 0.000449167 0.999983549 0.005711568 0.007206484 -0.003525571 -0.005709949 0.999977469 1.464050651
0.999993742 -0.000071950 0.003536197 0.002338602 0.000055516 0.999989212 0.004647275 0.006331874 -0.003536494 -0.004647049 0.999982953 1.496054053
0.999997377 -0.000240323 0.002287715 0.003077956 0.000235395 0.999997675 0.002154084 0.007424142 -0.002288229 -0.002153540 0.999995053 1.529410601
0.999996603 0.001104544 0.002340119 0.003012521 -0.001109355 0.999997318 0.002055729 0.008201201 -0.002337843 -0.002058319 0.999995172 1.560532928
0.999994159 0.002489504 0.002367593 0.002682324 -0.002496609 0.999992371 0.003002691 0.008469611 -0.002360100 -0.003008584 0.999992669 1.592431426
0.999997020 0.002148844 0.001179203 0.003697703 -0.002155285 0.999982536 0.005488931 0.007434676 -0.001167386 -0.005491455 0.999984264 1.625970721
0.999999106 0.000962433 0.000974704 0.003753914 -0.000968852 0.999977648 0.006607412 0.007558915 -0.000968323 -0.006608350 0.999977708 1.657305002
0.999998569 0.001217050 0.001162401 0.003140041 -0.001225999 0.999969423 0.007730138 0.007423256 -0.001152957 -0.007731552 0.999969482 1.687849998
0.999999523 -0.000385087 0.000935391 0.003231024 0.000376114 0.999954104 0.009573946 0.007495447 -0.000939035 -0.009573591 0.999953747 1.719066620
0.999999762 0.000474596 0.000541396 0.003393887 -0.000479716 0.999954820 0.009496369 0.008683971 -0.000536865 -0.009496626 0.999954760 1.750532269
0.999999702 0.000699469 0.000334118 0.003732835 -0.000702385 0.999960959 0.008810258 0.009265019 -0.000327943 -0.008810491 0.999961138 1.780467153
0.999997735 0.000755167 0.002014589 0.001362238 -0.000772008 0.999964714 0.008371691 0.009573475 -0.002008196 -0.008373228 0.999962926 1.808402777
0.999998510 0.001093314 0.001267647 0.002093921 -0.001102624 0.999972284 0.007367100 0.010657994 -0.001259558 -0.007368487 0.999972045 1.837473631
0.999998271 0.000935891 0.001591110 0.002241583 -0.000949090 0.999965012 0.008314977 0.008905919 -0.001583273 -0.008316473 0.999964178 1.864305377
0.999995708 0.000113708 0.002918369 0.001225881 -0.000135024 0.999973297 0.007304968 0.009840446 -0.002917461 -0.007305331 0.999969125 1.890231609
0.999996185 0.001467157 0.002341749 0.001483577 -0.001483535 0.999974370 0.007007726 0.010783164 -0.002331408 -0.007011172 0.999972641 1.916345716
0.999993145 0.002547356 0.002701207 0.001153484 -0.002568730 0.999965131 0.007938928 0.011013249 -0.002680889 -0.007945812 0.999964774 1.940411448
0.999993622 0.002325861 0.002700498 0.001360387 -0.002348495 0.999961913 0.008408589 0.010929039 -0.002680837 -0.008414879 0.999960959 1.964592695
0.999991715 0.002259733 0.003367836 0.001104147 -0.002292648 0.999949336 0.009801736 0.010653433 -0.003345516 -0.009809377 0.999946296 1.986699462
0.999989629 0.002436615 0.003875273 0.000945825 -0.002478191 0.999939024 0.010760184 0.010346316 -0.003848818 -0.010769675 0.999934614 2.008670568
0.999992311 0.001831754 0.003455547 0.001406185 -0.001863282 0.999956489 0.009142742 0.010903275 -0.003438649 -0.009149110 0.999952257 2.029444218
0.999991298 0.001670404 0.003809312 0.001196177 -0.001702029 0.999963999 0.008313955 0.011095649 -0.003795286 -0.008320365 0.999958277 2.049301147
0.999991596 0.001968843 0.003593456 0.001417931 -0.001996928 0.999967337 0.007828879 0.011172270 -0.003577925 -0.007835990 0.999962866 2.069159508
0.999991894 0.001577965 0.003710925 0.001389421 -0.001602062 0.999977589 0.006499798 0.011257747 -0.003700585 -0.006505691 0.999971926 2.087915659
0.999994338 0.000739064 0.003282557 0.001458109 -0.000755689 0.999986887 0.005066447 0.011338077 -0.003278770 -0.005068898 0.999981761 2.106047392
0.999995947 -0.000222908 0.002865173 0.001348592 0.000213825 0.999994934 0.003170096 0.011554771 -0.002865865 -0.003169469 0.999990880 2.125088453
0.999997973 0.000720372 0.001868958 0.001317422 -0.000723444 0.999998331 0.001643392 0.011408164 -0.001867771 -0.001644741 0.999996901 2.141997337
0.999999046 0.001062073 0.000844926 0.001407648 -0.001063440 0.999998152 0.001619063 0.011350575 -0.000843205 -0.001619960 0.999998331 2.159759760
0.999999285 0.001096094 0.000495800 0.000764942 -0.001097117 0.999997258 0.002067826 0.011425879 -0.000493533 -0.002068368 0.999997735 2.176975727
0.999999464 0.000466253 -0.001034132 0.001305480 -0.000463667 0.999996841 0.002499443 0.011732727 0.001035294 -0.002498962 0.999996364 2.194142580
0.999997616 0.001970418 -0.000894324 0.000569066 -0.001967280 0.999991953 0.003496323 0.011707996 0.000901206 -0.003494555 0.999993503 2.211512327
0.999996603 0.002326965 -0.001146285 0.000353006 -0.002321574 0.999986351 0.004682072 0.011675636 0.001157164 -0.004679396 0.999988437 2.228289366
0.999994934 0.002584420 -0.001829492 0.000335829 -0.002574882 0.999983191 0.005196896 0.011835172 0.001842892 -0.005192160 0.999984801 2.243850946
0.999995947 0.001891477 -0.002130678 0.000348289 -0.001879302 0.999982059 0.005701604 0.011986270 0.002141424 -0.005697577 0.999981523 2.259855986
0.999993742 0.002491350 -0.002518172 0.000348554 -0.002475449 0.999977052 0.006298037 0.011956070 0.002533805 -0.006291763 0.999976993 2.274425030
0.999991655 0.003182265 -0.002572844 0.000051104 -0.003165480 0.999973774 0.006501858 0.012059975 0.002593468 -0.006493658 0.999975562 2.288812637
0.999992192 0.002886130 -0.002706321 -0.000012627 -0.002867626 0.999972641 0.006816524 0.012081387 0.002725920 -0.006808710 0.999973178 2.302557707
0.999991179 0.003329762 -0.002570045 0.000098122 -0.003310804 0.999967456 0.007346250 0.012230713 0.002594423 -0.007337676 0.999969721 2.315750599
0.999987066 0.004681550 -0.001961722 -0.000584134 -0.004666600 0.999960542 0.007557699 0.012277795 0.001997026 -0.007548447 0.999969542 2.328459740
0.999985516 0.005041719 -0.001893207 -0.000396401 -0.005027791 0.999960840 0.007291012 0.012366405 0.001929892 -0.007281388 0.999971628 2.340454817
0.999983847 0.005528548 -0.001296015 -0.000602202 -0.005519455 0.999960959 0.006917830 0.012528118 0.001334210 -0.006910565 0.999975264 2.351816416
0.999988973 0.004552660 -0.001152952 -0.000598921 -0.004544437 0.999964893 0.007036569 0.012532145 0.001184947 -0.007031251 0.999974489 2.362295628
0.999988377 0.004688564 -0.001151605 -0.000537134 -0.004681126 0.999968767 0.006378223 0.012771629 0.001181474 -0.006372758 0.999978960 2.372834206
0.999987721 0.004876666 -0.000914323 -0.000607177 -0.004871808 0.999974430 0.005240974 0.012868747 0.000939858 -0.005236454 0.999985814 2.382360458
0.999985814 0.005352897 -0.000312671 -0.000906151 -0.005351560 0.999977052 0.004129404 0.012753543 0.000334768 -0.004127671 0.999991357 2.392226219
0.999984622 0.005557922 -0.000321596 -0.000665704 -0.005556811 0.999978900 0.003355803 0.012594387 0.000340241 -0.003353964 0.999994278 2.401561737
0.999986291 0.005256296 -0.000055949 -0.001018544 -0.005256138 0.999983013 0.002506517 0.012814701 0.000069123 -0.002506187 0.999996841 2.411673307
0.999986589 0.005169317 -0.000261606 -0.000941150 -0.005168654 0.999983549 0.002471003 0.012730960 0.000274375 -0.002469618 0.999996901 2.420466423
0.999987066 0.005036359 -0.000678078 -0.001084218 -0.005034511 0.999983728 0.002700599 0.012507103 0.000691668 -0.002697150 0.999996126 2.429748774
0.999986827 0.005110907 -0.000414820 -0.001465278 -0.005109836 0.999983728 0.002544315 0.012800069 0.000427817 -0.002542162 0.999996662 2.439091921
0.999988735 0.004634897 -0.001038127 -0.001099790 -0.004632339 0.999986231 0.002452802 0.012909730 0.001049481 -0.002447966 0.999996424 2.447601557
0.999989688 0.004335580 -0.001410974 -0.000999480 -0.004332637 0.999988377 0.002082426 0.013032775 0.001419986 -0.002076291 0.999996841 2.456668139
0.999989748 0.004394283 -0.001108822 -0.001494032 -0.004392782 0.999989450 0.001352526 0.013112091 0.001114754 -0.001347641 0.999998450 2.465198278
0.999988317 0.004598319 -0.001486784 -0.001470964 -0.004596788 0.999988914 0.001031588 0.013257187 0.001491511 -0.001024742 0.999998331 2.474234581
0.999987364 0.004734341 -0.001693796 -0.001535627 -0.004732187 0.999988019 0.001272354 0.013249148 0.001699799 -0.001264322 0.999997795 2.482869625
0.999986708 0.004620310 -0.002267401 -0.001306452 -0.004616941 0.999988139 0.001488606 0.013190486 0.002274252 -0.001478118 0.999996364 2.491913080
0.999987125 0.004577003 -0.002255039 -0.001701581 -0.004573164 0.999988079 0.001705303 0.013175990 0.002262817 -0.001694968 0.999996006 2.499897718
0.999987721 0.004249609 -0.002576083 -0.001746807 -0.004244057 0.999988735 0.002156430 0.013314230 0.002585218 -0.002145471 0.999994397 2.507977724
0.999986529 0.004318316 -0.002873176 -0.001417154 -0.004310351 0.999986947 0.002772402 0.012670211 0.002885110 -0.002759981 0.999992013 2.516448736
0.999986172 0.004396204 -0.002891087 -0.001803311 -0.004389209 0.999987423 0.002421726 0.013055746 0.002901697 -0.002409004 0.999992847 2.523594141
0.999988317 0.003909996 -0.002824517 -0.002218110 -0.003902313 0.999988735 0.002720537 0.013007874 0.002835122 -0.002709483 0.999992311 2.530447006
0.999989748 0.003431204 -0.002949620 -0.002178938 -0.003423491 0.999990702 0.002616235 0.013178083 0.002958570 -0.002606111 0.999992251 2.537729740
0.999989629 0.003059127 -0.003349308 -0.001920333 -0.003048154 0.999989986 0.003276488 0.012991512 0.003359298 -0.003266245 0.999989033 2.545107126
0.999989629 0.002678689 -0.003688717 -0.001912449 -0.002664611 0.999989152 0.003816106 0.012999335 0.003698901 -0.003806238 0.999985933 2.551431417
0.999990702 0.002371704 -0.003576681 -0.002083863 -0.002355709 0.999987185 0.004469762 0.012818620 0.003587236 -0.004461296 0.999983668 2.557178497
0.999990225 0.002813686 -0.003393183 -0.002215859 -0.002796826 0.999983788 0.004963229 0.012960724 0.003407093 -0.004953690 0.999981940 2.562735558
0.999986887 0.003405256 -0.003819059 -0.002127444 -0.003385670 0.999981165 0.005123182 0.013034762 0.003836432 -0.005110186 0.999979556 2.567863464
0.999984622 0.003924464 -0.003890480 -0.002336038 -0.003904992 0.999979913 0.005000314 0.013278579 0.003910025 -0.004985046 0.999979913 2.572019815
0.999983907 0.003850878 -0.004149953 -0.002210483 -0.003832198 0.999982595 0.004499676 0.013465496 0.004167208 -0.004483701 0.999981225 2.575628996
0.999985218 0.003564924 -0.004091711 -0.002295815 -0.003548006 0.999985099 0.004134618 0.013195952 0.004106389 -0.004120039 0.999983072 2.579060316
0.999984384 0.003612204 -0.004264924 -0.002284768 -0.003597984 0.999987960 0.003337117 0.013289399 0.004276927 -0.003321720 0.999985278 2.582145691
0.999983668 0.004040776 -0.004017977 -0.002415898 -0.004029442 0.999987900 0.002825150 0.013485329 0.004029344 -0.002808914 0.999987960 2.584937096
0.999981999 0.004210081 -0.004281171 -0.002426091 -0.004194409 0.999984503 0.003663159 0.012978680 0.004296526 -0.003645136 0.999984145 2.587532043
0.999982476 0.003660804 -0.004629825 -0.002295478 -0.003645428 0.999987721 0.003325039 0.013213709 0.004641941 -0.003308103 0.999983728 2.590133905
0.999982059 0.003568138 -0.004796279 -0.002185579 -0.003552332 0.999988139 0.003299853 0.013255508 0.004807997 -0.003282756 0.999983013 2.592236280
0.999981701 0.003553334 -0.004904702 -0.002076684 -0.003538097 0.999988854 0.003111921 0.013366542 0.004915705 -0.003094511 0.999983132 2.594427109
0.999982893 0.003537302 -0.004636990 -0.002439627 -0.003523585 0.999989271 0.002962996 0.013326556 0.004647422 -0.002946607 0.999984860 2.596199512
0.999981463 0.003835106 -0.004728257 -0.002394658 -0.003823605 0.999989569 0.002439055 0.013396587 0.004737562 -0.002420930 0.999985874 2.597802162
0.999980330 0.004202466 -0.004635932 -0.002419462 -0.004193555 0.999989271 0.001930087 0.013361322 0.004643994 -0.001910607 0.999987423 2.599714756
0.999980032 0.003890634 -0.004966002 -0.002302048 -0.003878975 0.999989688 0.002355470 0.013177449 0.004975115 -0.002336160 0.999984980 2.601144791
0.999979913 0.003875853 -0.004992592 -0.002351750 -0.003864187 0.999989748 0.002344253 0.013303046 0.005001626 -0.002324914 0.999984860 2.602599859
0.999982417 0.003486315 -0.004801804 -0.002449428 -0.003474576 0.999990940 0.002450999 0.013284449 0.004810306 -0.002434271 0.999985456 2.603909254
0.999981642 0.003779479 -0.004740123 -0.002533345 -0.003767641 0.999989748 0.002503796 0.013244071 0.004749537 -0.002485891 0.999985635 2.605195761
0.999982238 0.003811312 -0.004577763 -0.002702788 -0.003799008 0.999989092 0.002693397 0.013283095 0.004587979 -0.002675959 0.999985874 2.605999231
0.999981046 0.003660429 -0.004949724 -0.002509746 -0.003648339 0.999990344 0.002449308 0.013408222 0.004958641 -0.002431204 0.999984741 2.606926918
0.999980748 0.003717357 -0.004975426 -0.002511443 -0.003703780 0.999989390 0.002735135 0.013329919 0.004985541 -0.002716656 0.999983907 2.607537031
0.999981582 0.003766976 -0.004770025 -0.002590471 -0.003753881 0.999989212 0.002751122 0.013462577 0.004780335 -0.002733166 0.999984801 2.607965231
0.999982595 0.003550728 -0.004722938 -0.002639076 -0.003536098 0.999988914 0.003102509 0.013304606 0.004733901 -0.003085754 0.999984026 2.607774258
0.999982059 0.003449164 -0.004912282 -0.002531097 -0.003435755 0.999990404 0.002735564 0.013389610 0.004921671 -0.002718638 0.999984205 2.607835293
0.999982476 0.003161827 -0.005020423 -0.002434421 -0.003152511 0.999993324 0.001862382 0.013174069 0.005026277 -0.001846523 0.999985695 2.607660294
0.999984086 0.003205312 -0.004641768 -0.002654692 -0.003200180 0.999994278 0.001112546 0.013250217 0.004645306 -0.001097674 0.999988556 2.607603073
0.999983251 0.003036156 -0.004932301 -0.002441404 -0.003029144 0.999994338 0.001428592 0.013287206 0.004936611 -0.001413627 0.999986827 2.607714415
0.999983966 0.002870526 -0.004887573 -0.002448848 -0.002865161 0.999995232 0.001104480 0.013305715 0.004890721 -0.001090458 0.999987423 2.607619047
0.999982715 0.002982201 -0.005101741 -0.002425225 -0.002979735 0.999995410 0.000491046 0.013161372 0.005103183 -0.000475835 0.999986827 2.607738495
0.999981880 0.003028348 -0.005214896 -0.002320730 -0.003027366 0.999995410 0.000196186 0.013199740 0.005215467 -0.000180395 0.999986351 2.607934475
0.999981642 0.003147501 -0.005196070 -0.002435274 -0.003147173 0.999994993 0.000071282 0.013175486 0.005196271 -0.000054927 0.999986529 2.608253479
0.999984324 0.003058859 -0.004674798 -0.002668195 -0.003058284 0.999995232 0.000130139 0.013168674 0.004675176 -0.000115841 0.999989092 2.608295918
0.999984562 0.003065430 -0.004630078 -0.002788402 -0.003063599 0.999995172 0.000402617 0.013160811 0.004631290 -0.000388426 0.999989212 2.608752251
0.999985039 0.003175728 -0.004442238 -0.002910178 -0.003174338 0.999994874 0.000319885 0.013193975 0.004443232 -0.000305779 0.999990165 2.609401464
0.999986470 0.003178832 -0.004108387 -0.003163435 -0.003178615 0.999994874 0.000059431 0.013230925 0.004108556 -0.000046371 0.999991655 2.610112667
0.999984443 0.003091838 -0.004635542 -0.002691284 -0.003090767 0.999995172 0.000238193 0.013108212 0.004636256 -0.000223862 0.999989271 2.611210346
0.999984145 0.003071825 -0.004716540 -0.002721163 -0.003073354 0.999995232 -0.000316936 0.013133465 0.004715544 0.000331426 0.999988914 2.612168550
0.999983907 0.003008097 -0.004804255 -0.002564880 -0.003014783 0.999994457 -0.001385032 0.013296906 0.004800061 0.001399493 0.999987483 2.613437176
0.999982834 0.003424870 -0.004743733 -0.002599890 -0.003436073 0.999991298 -0.002355499 0.013359820 0.004735625 0.002371758 0.999985933 2.615163803
0.999982834 0.003276841 -0.004846894 -0.002556356 -0.003292242 0.999989569 -0.003172851 0.013383880 0.004836446 0.003188754 0.999983191 2.617442608
0.999984086 0.003292768 -0.004578245 -0.002650962 -0.003309822 0.999987602 -0.003722445 0.013363023 0.004565930 0.003737539 0.999982595 2.619899273
0.999985754 0.003279329 -0.004214338 -0.002740354 -0.003295652 0.999987066 -0.003872098 0.013349243 0.004201584 0.003885932 0.999983549 2.623011589
0.999984622 0.003032770 -0.004652205 -0.002468488 -0.003050783 0.999987900 -0.003869810 0.013293839 0.004640413 0.003883944 0.999981642 2.626317501
0.999988377 0.002933358 -0.003826634 -0.002874830 -0.002949659 0.999986589 -0.004261262 0.013334909 0.003814083 0.004272500 0.999983549 2.630311728
0.999989808 0.003002003 -0.003376215 -0.002972911 -0.003018196 0.999983907 -0.004801265 0.013363693 0.003361748 0.004811406 0.999982715 2.634785175
0.999989927 0.002646386 -0.003639230 -0.002373234 -0.002665285 0.999982953 -0.005197896 0.013356976 0.003625412 0.005207542 0.999979794 2.640014648
0.999994218 0.002650981 -0.002149724 -0.003214064 -0.002664584 0.999976337 -0.006349620 0.013616910 0.002132840 0.006355311 0.999977529 2.645835876
0.999994874 0.002753949 -0.001661062 -0.003319547 -0.002765923 0.999969900 -0.007249428 0.013596270 0.001641048 0.007253984 0.999972284 2.652242422
0.999992192 0.003623646 -0.001597689 -0.003002235 -0.003636132 0.999962330 -0.007882054 0.013810787 0.001569068 0.007887801 0.999967635 2.659625053
0.999994457 0.002988019 -0.001477464 -0.002908366 -0.002999348 0.999965668 -0.007726145 0.013477139 0.001454328 0.007730532 0.999969006 2.667103052
0.999994457 0.003274163 -0.000535928 -0.003239313 -0.003278395 0.999961972 -0.008093869 0.013472550 0.000509407 0.008095580 0.999967098 2.675420284
0.999996781 0.002523623 -0.000257619 -0.003066867 -0.002525639 0.999963522 -0.008150019 0.013499038 0.000237043 0.008150641 0.999966741 2.684671640
0.999998868 0.001530365 0.000249117 -0.003106598 -0.001528254 0.999964654 -0.008263881 0.013539428 -0.000261755 0.008263490 0.999965787 2.694712162
0.999998033 0.001782935 0.000759449 -0.002950876 -0.001776470 0.999962866 -0.008430387 0.013600858 -0.000774451 0.008429020 0.999964178 2.705614090
0.999996185 0.002437605 0.001242703 -0.002901341 -0.002426630 0.999958634 -0.008757371 0.013476243 -0.001263998 0.008754321 0.999960899 2.716937542
0.999994874 0.002595521 0.001818775 -0.003081487 -0.002577712 0.999949336 -0.009726631 0.013486473 -0.001843928 0.009721891 0.999951065 2.728768110
0.999993742 0.002209177 0.002751620 -0.003239010 -0.002182925 0.999952376 -0.009507345 0.013407471 -0.002772493 0.009501278 0.999951065 2.741456747
0.999991119 0.001742273 0.003819701 -0.003474335 -0.001705475 0.999952316 -0.009615879 0.013534911 -0.003836273 0.009609280 0.999946415 2.755226612
0.999990702 0.001358916 0.004087970 -0.003001126 -0.001321171 0.999956608 -0.009221740 0.013427110 -0.004100323 0.009216252 0.999949098 2.769496202
0.999988675 0.001203726 0.004615417 -0.002967997 -0.001161694 0.999957919 -0.009098629 0.013373584 -0.004626174 0.009093164 0.999947906 2.784217119
0.999982893 0.001215159 0.005719513 -0.002904380 -0.001159876 0.999952674 -0.009659153 0.013535542 -0.005730979 0.009652355 0.999936938 2.799535275
0.999979496 0.000045387 0.006407138 -0.002671570 0.000018853 0.999949753 -0.010025904 0.013538618 -0.006407272 0.010025819 0.999929190 2.815987825
0.999972224 -0.000069446 0.007454333 -0.002488278 0.000140236 0.999954820 -0.009496287 0.013513809 -0.007453337 0.009497070 0.999927044 2.832700491
0.999963462 0.001378692 0.008443876 -0.002446450 -0.001307871 0.999963880 -0.008387059 0.013637956 -0.008455136 0.008375709 0.999929130 2.850025892
0.999954522 0.001713602 0.009383822 -0.002418628 -0.001645916 0.999972582 -0.007216054 0.013759622 -0.009395932 0.007200283 0.999929845 2.867974520
0.999942183 0.002003927 0.010558145 -0.002240691 -0.001930628 0.999973953 -0.006948077 0.013531648 -0.010571793 0.006927294 0.999920130 2.885914803
0.999938726 0.000909364 0.011034624 -0.001758743 -0.000835880 0.999977410 -0.006662245 0.013713814 -0.011040432 0.006652614 0.999916852 2.904885054
0.999923289 0.001904508 0.012240889 -0.001661297 -0.001829015 0.999979258 -0.006175505 0.013757538 -0.012252398 0.006152642 0.999905944 2.924047709
0.999910593 0.002264293 0.013183324 -0.001367107 -0.002192870 0.999982774 -0.005429661 0.013795001 -0.013195392 0.005400266 0.999898314 2.944087744
0.999902368 0.001490959 0.013892004 -0.000559390 -0.001418290 0.999985278 -0.005239372 0.013904094 -0.013899609 0.005219159 0.999889731 2.964759827
0.999879301 0.001563446 0.015455123 -0.000807535 -0.001480981 0.999984562 -0.005345784 0.013696628 -0.015463244 0.005322251 0.999866247 2.984190702
0.999864817 0.001563717 0.016363254 -0.000513829 -0.001476187 0.999984562 -0.005359843 0.014256895 -0.016371382 0.005334964 0.999851704 3.006687641
0.999856353 0.000588614 0.016941715 0.000002243 -0.000500340 0.999986291 -0.005214205 0.014282841 -0.016944552 0.005204980 0.999842882 3.029544830
0.999840915 0.000243646 0.017836139 0.000246402 -0.000138437 0.999982536 -0.005899613 0.014162814 -0.017837264 0.005896204 0.999823451 3.050827742
0.999835908 0.000470588 0.018111520 0.000661194 -0.000364104 0.999982595 -0.005882206 0.014161773 -0.018113974 0.005874646 0.999818623 3.073327065
0.999825180 0.000655373 0.018684469 0.000856489 -0.000538186 0.999980211 -0.006276255 0.014196200 -0.018688207 0.006265101 0.999805748 3.096535683
0.999818385 0.000810014 0.019044254 0.000707407 -0.000674513 0.999974430 -0.007120438 0.014430480 -0.019049538 0.007106299 0.999793351 3.118905306
0.999813914 0.000112407 0.019289065 0.001724411 0.000007244 0.999980867 -0.006202893 0.014273433 -0.019289393 0.006201881 0.999794662 3.142586946
0.999818146 -0.000604403 0.019055037 0.002371158 0.000691446 0.999989390 -0.004561726 0.014111140 -0.019052075 0.004574073 0.999808073 3.167496443
0.999820173 0.000587892 0.018954953 0.002699904 -0.000513845 0.999992192 -0.003911115 0.014861409 -0.018957105 0.003900672 0.999812722 3.192522764
0.999822915 0.000520042 0.018805789 0.003319100 -0.000489877 0.999998569 -0.001608579 0.013938472 -0.018806597 0.001599082 0.999821901 3.216501236
0.999805450 0.000747264 0.019709660 0.002982125 -0.000723210 0.999998987 -0.001227492 0.014396974 -0.019710558 0.001212999 0.999804974 3.241023540
0.999805987 0.001010876 0.019673333 0.003281944 -0.000997873 0.999999285 -0.000670748 0.014456358 -0.019674001 0.000650986 0.999806225 3.265898466
0.999817252 0.000651560 0.019106496 0.004098177 -0.000625455 0.999998808 -0.001372250 0.014645050 -0.019107372 0.001360049 0.999816537 3.291475058
0.999825358 0.000616802 0.018682253 0.004090786 -0.000588409 0.999998689 -0.001525243 0.014434043 -0.018683167 0.001513984 0.999824345 3.317053795
0.999815762 0.002068386 0.019081861 0.004418463 -0.002033882 0.999996245 -0.001827470 0.014648298 -0.019085567 0.001788323 0.999816358 3.342150688
0.999816835 0.001021044 0.019110782 0.004698161 -0.000976004 0.999996662 -0.002365950 0.014808571 -0.019113136 0.002346864 0.999814630 3.368113041
0.999810457 0.002208585 0.019339018 0.004158475 -0.002164190 0.999994934 -0.002316248 0.015229822 -0.019344037 0.002273956 0.999810398 3.392368078
0.999824047 0.000659517 0.018750064 0.005171757 -0.000597499 0.999994338 -0.003313032 0.014867825 -0.018752143 0.003301246 0.999818802 3.419273853
0.999844849 0.001013001 0.017585078 0.006416831 -0.000960470 0.999994993 -0.002995434 0.015666941 -0.017588023 0.002978079 0.999840796 3.445299149
0.999869883 -0.000453805 0.016129229 0.006780867 0.000493800 0.999996781 -0.002475750 0.015687786 -0.016128054 0.002483392 0.999866784 3.471601009
0.999900222 -0.003179160 0.013761824 0.007482421 0.003192588 0.999994397 -0.000953889 0.015422534 -0.013758714 0.000997730 0.999904811 3.497960091
0.999927640 -0.002543435 0.011752663 0.006885055 0.002549658 0.999996603 -0.000514493 0.015591367 -0.011751315 0.000544420 0.999930799 3.523934841
0.999958336 -0.003326772 0.008495038 0.007915549 0.003321239 0.999994278 0.000665462 0.015620848 -0.008497204 -0.000637221 0.999963641 3.549919844
0.999976277 -0.004258968 0.005403855 0.008174988 0.004249727 0.999989569 0.001720553 0.015385468 -0.005411126 -0.001697548 0.999983907 3.576553345
0.999980330 -0.005598475 0.002832052 0.006907451 0.005591909 0.999981701 0.002320936 0.014618072 -0.002844994 -0.002305054 0.999993265 3.601584435
0.999986947 -0.004705964 -0.002002982 0.007329179 0.004709010 0.999987841 0.001518639 0.015068536 0.001995811 -0.001528051 0.999996841 3.629036427
0.999959826 -0.004724669 -0.007616012 0.007940995 0.004729449 0.999988616 0.000609791 0.015700515 0.007613046 -0.000645786 0.999970794 3.654605389
0.999914289 -0.004854899 -0.012157560 0.006936692 0.004858037 0.999988258 0.000228623 0.015812531 0.012156306 -0.000287666 0.999926090 3.680915117
0.999817312 -0.005464638 -0.018317066 0.006728791 0.005495172 0.999983609 0.001617049 0.015920442 0.018307928 -0.001717409 0.999830902 3.709010601
0.999710739 -0.004826722 -0.023559153 0.006390095 0.004902103 0.999983013 0.003142999 0.015079774 0.023543585 -0.003257579 0.999717534 3.734081268
0.999581158 -0.005920087 -0.028328463 0.005067937 0.006002080 0.999978065 0.002810197 0.016186882 0.028311204 -0.002979049 0.999594748 3.758499622
0.999365449 -0.007194577 -0.034884900 0.004100025 0.007305379 0.999968708 0.003049801 0.015800927 0.034861863 -0.003302714 0.999386668 3.784185171
0.999096632 -0.008908887 -0.041553494 0.002756983 0.009020319 0.999956191 0.002494926 0.015543884 0.041529447 -0.002867498 0.999133289 3.810995817
0.998785615 -0.010022997 -0.048236661 0.001663446 0.010079653 0.999948800 0.000931439 0.015730027 0.048224859 -0.001416517 0.998835504 3.836330652
0.998526633 -0.010071649 -0.053320974 -0.001335680 0.010083024 0.999949217 -0.000055690 0.015831346 0.053318828 -0.000482030 0.998577476 3.860734940
0.998175740 -0.010760960 -0.059409302 -0.003029615 0.010740347 0.999942124 -0.000666262 0.015515247 0.059413031 0.000026969 0.998233438 3.885478258
0.997726619 -0.012009727 -0.066314526 -0.003286719 0.011959645 0.999927819 -0.001152196 0.015979636 0.066323586 0.000356478 0.997798085 3.909104109
0.997359455 -0.011631762 -0.071687169 -0.006032974 0.011647345 0.999932110 -0.000200666 0.015604434 0.071684629 -0.000634828 0.997427225 3.933974504
0.997011125 -0.010688141 -0.076516107 -0.009063512 0.010821458 0.999940574 0.001327906 0.015972532 0.076497376 -0.002151953 0.997067451 3.960698366
0.996599793 -0.008576999 -0.081946827 -0.010032833 0.008891690 0.999954462 0.003476006 0.016569087 0.081913285 -0.004192832 0.996630669 3.983821630
0.996181607 -0.007449709 -0.086986065 -0.011444330 0.008000393 0.999950051 0.005983810 0.016669057 0.086937122 -0.006656885 0.996191561 4.007287979
0.995899558 -0.005897095 -0.090272918 -0.014061987 0.006590166 0.999951124 0.007381374 0.016613906 0.090224959 -0.007946023 0.995889664 4.030982494
0.995578945 -0.004143558 -0.093836822 -0.016310215 0.004786688 0.999966621 0.006629679 0.017150667 0.093806215 -0.007049538 0.995565593 4.055571079
0.995406032 -0.001863526 -0.095726050 -0.018860310 0.002383190 0.999983072 0.005314632 0.017190676 0.095714539 -0.005518351 0.995393515 4.079395771
0.995322764 0.000100615 -0.096605465 -0.021120161 0.000378545 0.999987662 0.004941621 0.016548505 0.096604772 -0.004955078 0.995310545 4.103014469
0.995276868 0.001695522 -0.097062111 -0.023457974 -0.001335981 0.999992013 0.003769104 0.016766954 0.097067729 -0.003621630 0.995271206 4.126201630
0.995324373 0.002421153 -0.096558310 -0.025996655 -0.002210695 0.999994993 0.002286521 0.017320989 0.096563362 -0.002062370 0.995324731 4.149439812
0.995365143 0.003810100 -0.096092202 -0.028422743 -0.003650004 0.999991655 0.001841786 0.016898928 0.096098438 -0.001482513 0.995370686 4.173069954
0.995486438 0.004634736 -0.094791070 -0.030235767 -0.004520892 0.999988794 0.001415723 0.016909460 0.094796561 -0.000980793 0.995496154 4.195946693
0.995681345 0.004711697 -0.092717044 -0.032788455 -0.004691308 0.999988914 0.000437841 0.017255280 0.092718095 -0.000000986 0.995692372 4.218715191
0.995892167 0.005580546 -0.090374857 -0.034760296 -0.005680571 0.999983490 -0.000849604 0.017042296 0.090368636 0.001359494 0.995907426 4.241041660
0.996183038 0.007115062 -0.086998269 -0.037116319 -0.007289217 0.999971986 -0.001684324 0.016703140 0.086983837 0.002312045 0.996207058 4.263582706
0.996454895 0.009240094 -0.083620034 -0.038877994 -0.009442066 0.999953389 -0.002020200 0.017062835 0.083597466 0.002802585 0.996495664 4.285398960
0.996828556 0.011809329 -0.078698680 -0.040941775 -0.011918489 0.999928594 -0.000917510 0.017266698 0.078682214 0.001852570 0.996897995 4.307326794
0.997184634 0.013074196 -0.073835351 -0.042289734 -0.013063692 0.999914467 0.000625207 0.017498430 0.073837191 0.000341116 0.997270226 4.328830242
0.997647107 0.014633566 -0.066977851 -0.044022381 -0.014473711 0.999891102 0.002871361 0.017283559 0.067012571 -0.001895187 0.997750342 4.349594593
0.998118162 0.013842152 -0.059737504 -0.045170099 -0.013659141 0.999900639 0.003470889 0.017472023 0.059779633 -0.002648394 0.998208106 4.370200634
0.998529971 0.015395284 -0.051970445 -0.046540499 -0.015286244 0.999880016 0.002494973 0.017506158 0.052002609 -0.001696872 0.998645544 4.390810490
0.998900294 0.017124424 -0.043645721 -0.047250360 -0.017076420 0.999853075 0.001472521 0.017330935 0.043664522 -0.000725589 0.999046087 4.409487247
0.999239445 0.017688626 -0.034753468 -0.047968879 -0.017699350 0.999843419 -0.000000876 0.017425990 0.034748010 0.000615989 0.999395967 4.428345680
0.999494791 0.018606072 -0.025767406 -0.048411369 -0.018636921 0.999825835 -0.000957492 0.017317258 0.025745101 0.001437233 0.999667585 4.447029591
0.999712944 0.017725369 -0.016119314 -0.048456442 -0.017769562 0.999838710 -0.002602285 0.017261004 0.016070584 0.002887972 0.999866664 4.464989662
0.999806583 0.018780943 -0.005833013 -0.048301116 -0.018803647 0.999815702 -0.003861534 0.017245987 0.005759416 0.003970469 0.999975502 4.482276440
0.999797881 0.019507580 0.004854806 -0.048416622 -0.019482663 0.999797106 -0.005126909 0.016963696 -0.004953837 0.005031288 0.999975026 4.498954773
0.999701142 0.019107047 0.015248677 -0.048207641 -0.019011116 0.999798715 -0.006411606 0.016975649 -0.015368116 0.006119795 0.999863148 4.515278339
0.999536633 0.017085083 0.025190463 -0.047487870 -0.016890610 0.999826074 -0.007912800 0.016783495 -0.025321271 0.007483650 0.999651372 4.530896187
0.999299407 0.014038329 0.034695145 -0.046876505 -0.013761685 0.999871671 -0.008199617 0.016718354 -0.034805797 0.007716408 0.999364257 4.545679569
0.998897016 0.015079073 0.044467688 -0.046078205 -0.014796481 0.999868155 -0.006677334 0.016598584 -0.044562507 0.006012004 0.998988509 4.560433865
0.998389482 0.017033093 0.054115213 -0.045323402 -0.016805582 0.999847889 -0.004656497 0.016648378 -0.054186296 0.003739559 0.998523891 4.574987888
0.997843802 0.019308038 0.062729374 -0.044390202 -0.019173255 0.999812305 -0.002749988 0.016348254 -0.062770702 0.001541332 0.998026848 4.588867664
0.997301400 0.017800888 0.071225703 -0.043156862 -0.017746685 0.999841511 -0.001393862 0.016349886 -0.071239226 0.000126081 0.997459233 4.602414131
0.996756911 0.013703069 0.079295948 -0.041680425 -0.013655649 0.999906123 -0.001140282 0.016228314 -0.079304129 0.000053747 0.996850491 4.615602016
