0.999996901 -0.002203368 -0.001156657 -0.000495836 0.002206812 0.999993086 0.002984490 -0.000692860 0.001150073 -0.002987033 0.999994874 0.057007484
0.999995768 -0.002274860 -0.001778578 -0.001764552 0.002282298 0.999988616 0.004190587 -0.001723640 0.001769025 -0.004194628 0.999989688 0.117973149
0.999993622 -0.001206287 -0.003355023 -0.002069946 0.001217874 0.999993265 0.003453898 -0.001790967 0.003350834 -0.003457962 0.999988377 0.170643568
0.999986827 -0.000598340 -0.005094624 -0.002295284 0.000616240 0.999993742 0.003512664 -0.002517186 0.005092490 -0.003515759 0.999980807 0.228363469
0.999980032 -0.000507628 -0.006302507 -0.002996393 0.000530032 0.999993563 0.003553631 -0.003122880 0.006300664 -0.003556900 0.999973774 0.284879386
0.999966681 -0.000824758 -0.008116935 -0.003654294 0.000859623 0.999990404 0.004292700 -0.003912894 0.008113316 -0.004299535 0.999957860 0.341247678
0.999954700 -0.002753507 -0.009104887 -0.004742586 0.002782703 0.999991000 0.003195559 -0.004377638 0.009096004 -0.003220751 0.999953449 0.400680244
0.999930024 -0.004556885 -0.010914899 -0.004911928 0.004594767 0.999983490 0.003448129 -0.004907513 0.010899005 -0.003498039 0.999934435 0.454223245
0.999916315 -0.003126259 -0.012546010 -0.006130570 0.003172939 0.999988139 0.003702609 -0.006017412 0.012534287 -0.003742107 0.999914467 0.513317525
0.999903500 -0.002958298 -0.013572995 -0.006886248 0.003009931 0.999988317 0.003785230 -0.006404803 0.013561639 -0.003825718 0.999900639 0.567501724
0.999895990 -0.001697229 -0.014320373 -0.007565016 0.001743438 0.999993324 0.003214959 -0.005911228 0.014314821 -0.003239591 0.999892235 0.624763370
0.999897182 0.000549272 -0.014326947 -0.009209965 -0.000479691 0.999988079 0.004859650 -0.007492268 0.014329445 -0.004852278 0.999885559 0.677852809
0.999878883 0.001000910 -0.015531016 -0.009820123 -0.000917630 0.999985158 0.005368405 -0.007748676 0.015536158 -0.005353503 0.999864995 0.736722291
0.999875665 0.000768268 -0.015749736 -0.011051985 -0.000673130 0.999981463 0.006045031 -0.008792527 0.015754091 -0.006033679 0.999857605 0.788551629
0.999859035 0.000798369 -0.016767526 -0.012034835 -0.000711828 0.999986470 0.005166549 -0.008740627 0.016771421 -0.005153886 0.999845982 0.845739126
0.999861836 0.002253556 -0.016469428 -0.013165366 -0.002146814 0.999976575 0.006496004 -0.009635339 0.016483681 -0.006459750 0.999843240 0.899121463
0.999865234 0.003150014 -0.016114704 -0.014764433 -0.003030768 0.999967813 0.007418866 -0.009897066 0.016137555 -0.007369027 0.999842584 0.955657005
0.999866247 0.003295514 -0.016019253 -0.015748590 -0.003187643 0.999972105 0.006754697 -0.010966838 0.016041068 -0.006702729 0.999848783 1.007707596
0.999850988 0.005175040 -0.016465748 -0.016304567 -0.005094618 0.999974906 0.004922407 -0.011724040 0.016490806 -0.004837788 0.999852300 1.062361002
0.999873817 0.002101386 -0.015746161 -0.017580105 -0.002031179 0.999987960 0.004473371 -0.011889808 0.015755372 -0.004440823 0.999866009 1.114948869
0.999881327 0.001057681 -0.015367185 -0.018899869 -0.000954252 0.999976873 0.006736273 -0.011957807 0.015373955 -0.006720809 0.999859154 1.169104457
0.999869406 -0.000985447 -0.016134033 -0.019125782 0.001118580 0.999965429 0.008244741 -0.012620000 0.016125351 -0.008261711 0.999835849 1.222546816
0.999885976 -0.001111213 -0.015059330 -0.020612400 0.001228157 0.999969244 0.007758514 -0.013223178 0.015050244 -0.007776126 0.999856472 1.273976803
0.999891996 -0.000312014 -0.014692580 -0.021529593 0.000394767 0.999984086 0.005629709 -0.013308682 0.014690589 -0.005634902 0.999876201 1.326420903
0.999903262 0.000289381 -0.013905258 -0.022720320 -0.000227587 0.999990046 0.004445305 -0.013740548 0.013906406 -0.004441710 0.999893427 1.379315495
0.999911785 0.000902627 -0.013249476 -0.023471721 -0.000850983 0.999992013 0.003902962 -0.014361556 0.013252893 -0.003891342 0.999904573 1.428043604
0.999923110 0.001745947 -0.012270884 -0.023787491 -0.001684394 0.999985933 0.005024729 -0.015113145 0.012279483 -0.005003674 0.999912024 1.478847742
0.999941230 0.002133111 -0.010631211 -0.024551870 -0.002061218 0.999974966 0.006768872 -0.015393887 0.010645386 -0.006746562 0.999920547 1.529098272
0.999959290 0.001556286 -0.008888849 -0.025503295 -0.001485252 0.999966979 0.007992422 -0.015604578 0.008900994 -0.007978893 0.999928534 1.577811837
0.999972880 0.001747395 -0.007158644 -0.024846412 -0.001686447 0.999962330 0.008511120 -0.015805267 0.007173247 -0.008498816 0.999938130 1.627598763
0.999991894 0.002041082 -0.003473199 -0.026148722 -0.002013227 0.999965906 0.008004809 -0.016729802 0.003489419 -0.007997751 0.999961913 1.675585270
0.999999762 0.000443759 0.000398212 -0.026312711 -0.000446397 0.999977767 0.006649110 -0.017329421 -0.000395253 -0.006649286 0.999977827 1.720335722
0.999990463 0.000576072 0.004313778 -0.026427129 -0.000595982 0.999989212 0.004615670 -0.017656412 -0.004311073 -0.004618197 0.999980092 1.767159104
0.999970973 0.000902164 0.007566498 -0.025436461 -0.000942104 0.999985635 0.005276613 -0.018317876 -0.007561630 -0.005283588 0.999957502 1.813328624
0.999913514 0.001394996 0.013074460 -0.025515493 -0.001461891 0.999985874 0.005108267 -0.018546887 -0.013067150 -0.005126939 0.999901474 1.858237386
0.999807239 0.002388106 0.019484192 -0.024678834 -0.002468513 0.999988556 0.004103791 -0.018830679 -0.019474169 -0.004151098 0.999801755 1.902855873
0.999617040 0.004559053 0.027297109 -0.024348877 -0.004668309 0.999981344 0.003940073 -0.019319238 -0.027278636 -0.004065996 0.999619603 1.946525812
0.999352038 0.005281593 0.035601951 -0.023113415 -0.005473581 0.999970913 0.005297358 -0.020251211 -0.035572946 -0.005488796 0.999352038 1.991179585
0.998910069 0.007412473 0.046083514 -0.021397650 -0.007691683 0.999953091 0.005884414 -0.020735618 -0.046037734 -0.006232460 0.998920321 2.034404039
0.998219848 0.009695611 0.058848053 -0.019078247 -0.010059559 0.999932110 0.005891433 -0.021070022 -0.058786936 -0.006472932 0.998249590 2.078062057
0.997176230 0.011885772 0.074149877 -0.017068878 -0.012370476 0.999904931 0.006080990 -0.021128159 -0.074070558 -0.006981089 0.997228503 2.121327400
0.995796859 0.014080613 0.090499893 -0.013796329 -0.014794548 0.999864459 0.007222780 -0.021561168 -0.090385929 -0.008531327 0.995870173 2.162243605
0.994016826 0.015246288 0.108157590 -0.010224178 -0.016210495 0.999836266 0.008041158 -0.021492492 -0.108017281 -0.009746334 0.994101226 2.199722052
0.991677284 0.014392090 0.127941519 -0.005661011 -0.015409380 0.999857008 0.006964924 -0.021706857 -0.127822995 -0.008878457 0.991757214 2.239605427
0.988976061 0.012875265 0.147514567 0.000674039 -0.013958234 0.999882698 0.006308564 -0.022690214 -0.147416070 -0.008298062 0.989039719 2.285562038
0.985687137 0.010493342 0.168257654 0.007393360 -0.011692416 0.999912739 0.006137238 -0.022849444 -0.168178573 -0.008016734 0.985723972 2.325031281
0.981799841 0.004703337 0.189860672 0.014913708 -0.006343918 0.999947548 0.008034125 -0.023090111 -0.189812928 -0.009092361 0.981778145 2.363377571
0.976880431 -0.000267797 0.213786244 0.022974610 -0.001807157 0.999953151 0.009510250 -0.023836924 -0.213778764 -0.009676725 0.976834118 2.403611660
0.971375585 -0.004917881 0.237498343 0.032463729 0.002880372 0.999956071 0.008925299 -0.023810349 -0.237531781 -0.007985733 0.971346915 2.441415548
0.964849710 -0.011104273 0.262567729 0.042537749 0.009511911 0.999927878 0.007334893 -0.024574388 -0.262630224 -0.004579549 0.964885712 2.478308678
0.957251191 -0.014957596 0.288870960 0.053334236 0.013195026 0.999880552 0.008048080 -0.025048332 -0.288956851 -0.003892375 0.957334220 2.514637947
0.948691726 -0.017545519 0.315715551 0.065404892 0.015207909 0.999835610 0.009866545 -0.024942284 -0.315836817 -0.004558936 0.948802590 2.550459146
0.939034402 -0.021652916 0.343140632 0.078727901 0.018332869 0.999748528 0.012916791 -0.025318548 -0.343334019 -0.005838560 0.939195216 2.585397243
0.927888572 -0.025113454 0.372010916 0.091931164 0.021877026 0.999677181 0.012918719 -0.025841739 -0.372215271 -0.003848641 0.928138435 2.619415998
0.915559232 -0.024635976 0.401427984 0.106467068 0.023012890 0.999695837 0.008865403 -0.025857516 -0.401524246 0.001121216 0.915847778 2.654108524
0.902393818 -0.025304111 0.430168569 0.121905506 0.026229938 0.999648690 0.003778712 -0.026326722 -0.430113107 0.007873412 0.902740657 2.686176300
0.888110340 -0.027304504 0.458818495 0.138503253 0.030001158 0.999548852 0.001411984 -0.026504992 -0.458650172 0.012511093 0.888528824 2.718168259
0.872915268 -0.028148994 0.487059087 0.156517267 0.029469602 0.999553382 0.004952082 -0.027197812 -0.486980975 0.010030689 0.873354971 2.747761011
0.855219364 -0.027316730 0.517545879 0.175523758 0.026078152 0.999613166 0.009667976 -0.026402714 -0.517609835 0.005228402 0.855600774 2.779218197
0.835544348 -0.027268257 0.548745871 0.194900274 0.023758797 0.999626637 0.013497222 -0.027048454 -0.548909068 0.001760014 0.835880220 2.808726788
0.813958287 -0.021175077 0.580537140 0.213956714 0.019756248 0.999766409 0.008766649 -0.027283119 -0.580587208 0.004333550 0.814186513 2.837242126
0.792656362 -0.014399558 0.609498501 0.236487150 0.016805261 0.999857247 0.001766542 -0.027860247 -0.609436989 0.008842522 0.792785287 2.865227699
0.770220399 -0.012212837 0.637660921 0.258671522 0.015878489 0.999873996 -0.000029229 -0.028466752 -0.637580156 0.010147604 0.770317197 2.892109871
0.746860027 -0.014464038 0.664824009 0.281980991 0.016955061 0.999852538 0.002705749 -0.028040649 -0.664765120 0.009251318 0.746995211 2.918095827
0.722304046 -0.014949645 0.691413999 0.306439400 0.017529525 0.999840796 0.003305715 -0.028662404 -0.691353440 0.009732425 0.722451091 2.943798065
0.696953237 -0.012842758 0.717001617 0.331031561 0.018103773 0.999835968 0.000311255 -0.029029593 -0.716887951 0.012763502 0.697071493 2.967443466
0.670285523 -0.010456063 0.742029667 0.356126666 0.018034168 0.999834895 -0.002201668 -0.029203184 -0.741884112 0.014857631 0.670363426 2.991126060
0.644006431 -0.008008422 0.764978170 0.383477330 0.016237037 0.999862969 -0.003201961 -0.029656488 -0.764847755 0.014483062 0.644048214 3.013078690
0.616069973 -0.006523527 0.787664413 0.411020994 0.016244790 0.999858201 -0.004424884 -0.030144770 -0.787523985 0.015521482 0.616088569 3.034322023
0.586648345 0.000022017 0.809841871 0.438854456 0.014696265 0.999835014 -0.010673136 -0.030880995 -0.809708595 0.018163025 0.586551189 3.056080818
0.557007790 0.009530358 0.830452621 0.467912197 0.013275797 0.999704182 -0.020377155 -0.031457663 -0.830401182 0.022375153 0.556716621 3.075127125
0.525527716 0.017976634 0.850586534 0.497299552 0.012371538 0.999509573 -0.028767688 -0.032235041 -0.850686431 0.025641281 0.525047660 3.094498396
0.493843019 0.022597279 0.869257450 0.528090239 0.010159922 0.999444067 -0.031753682 -0.033520311 -0.869491756 0.024512921 0.493338823 3.112051487
0.461954802 0.021983776 0.886631012 0.559929013 0.008363436 0.999540210 -0.029140878 -0.034880877 -0.886864007 0.020877048 0.461558521 3.128113270
0.428193331 0.021503055 0.903431237 0.592466354 0.004378469 0.999655664 -0.025868583 -0.035230514 -0.903676450 0.015032399 0.427951783 3.144684315
0.393624038 0.022345299 0.918999910 0.625120044 -0.000896845 0.999713361 -0.023923697 -0.037319575 -0.919271111 0.008592742 0.393531203 3.159364700
0.358235031 0.024792969 0.933302164 0.658452094 -0.007811217 0.999691963 -0.023558367 -0.038989395 -0.933598816 0.001149207 0.358318329 3.172820568
0.322600782 0.027256185 0.946142554 0.693175733 -0.012941640 0.999618769 -0.024384083 -0.039663002 -0.946446776 -0.004378313 0.322830647 3.185042381
0.286812425 0.026263693 0.957626641 0.728602946 -0.015096451 0.999623835 -0.022894068 -0.040904608 -0.957867861 -0.007890459 0.287101030 3.195819855
0.250103474 0.026259897 0.967862964 0.764359236 -0.016595220 0.999601543 -0.022832692 -0.042031143 -0.968076885 -0.010351365 0.250439554 3.205580235
0.214255422 0.025367165 0.976448238 0.800996125 -0.015811734 0.999621809 -0.022499729 -0.043357775 -0.976649642 -0.010618649 0.214575469 3.213692665
0.178900838 0.024367897 0.983565271 0.837806880 -0.013607850 0.999658883 -0.022291483 -0.044243660 -0.983772993 -0.009396247 0.179171413 3.220283508
0.145211071 0.023556434 0.989120305 0.875966787 -0.004705069 0.999721706 -0.023118168 -0.045092080 -0.989389539 -0.001296867 0.145281509 3.225080252
0.110468403 0.026718147 0.993520439 0.912847519 -0.003214363 0.999642968 -0.026525395 -0.046929754 -0.993874431 -0.000263318 0.110514849 3.229666471
0.078765683 0.031648569 0.996390641 0.951055110 -0.002351921 0.999498963 -0.031561375 -0.048271082 -0.996890426 0.000142521 0.078800648 3.232370138
0.048799872 0.035537388 0.998176157 0.989376426 0.004660077 0.999347806 -0.035806935 -0.049668945 -0.998797655 0.006398953 0.048602447 3.234424353
0.023444692 0.033880278 0.999150932 1.027601242 0.006283730 0.999400735 -0.034036204 -0.051156141 -0.999705434 0.007076362 0.023217747 3.235078573
0.001467438 0.030584976 0.999531090 1.067172408 0.008599069 0.999494791 -0.030596493 -0.052753158 -0.999961972 0.008639934 0.001203695 3.235106945
-0.017923824 0.028564546 0.999431193 1.105920672 0.008632780 0.999559045 -0.028413374 -0.053637244 -0.999802053 0.008118595 -0.018162513 3.235018015
-0.034308799 0.031049982 0.998928785 1.145340323 0.010609654 0.999472260 -0.030702475 -0.055923630 -0.999354959 0.009544926 -0.034620125 3.233448505
-0.049303390 0.035136119 0.998165667 1.183613777 0.012889304 0.999320209 -0.034540109 -0.057488494 -0.998700738 0.011162717 -0.049722753 3.231930494
-0.060067393 0.040546879 0.997370541 1.224437356 0.017503476 0.999063909 -0.039561559 -0.059019331 -0.998040915 0.015081089 -0.060720868 3.228048563
-0.069546700 0.044199638 0.996599019 1.263459086 0.021769658 0.998847306 -0.042780176 -0.060679868 -0.997341156 0.018720398 -0.070428729 3.225901842
-0.075123936 0.049853586 0.995927215 1.303048372 0.026906662 0.998487234 -0.047952138 -0.062738426 -0.996811152 0.023194725 -0.076351687 3.222279787
-0.079069264 0.054805659 0.995361447 1.342286944 0.028228579 0.998210251 -0.052720103 -0.064535469 -0.996469319 0.023929100 -0.080474831 3.219422817
-0.082657479 0.059166420 0.994820178 1.381694317 0.029774940 0.997937083 -0.056877870 -0.066767260 -0.996133029 0.024919327 -0.084248632 3.216499329
-0.085217975 0.062130764 0.994423330 1.420980334 0.030112455 0.997758627 -0.059758633 -0.069427259 -0.995907247 0.024852013 -0.086897857 3.213373184
-0.086711265 0.065536194 0.994075537 1.461497426 0.032369558 0.997492373 -0.062937923 -0.071808457 -0.995707452 0.026720354 -0.088615187 3.208987713
-0.088317201 0.068663619 0.993723094 1.500401616 0.033724617 0.997255445 -0.065910436 -0.075233258 -0.995521247 0.027691901 -0.090390451 3.204707623
-0.090976842 0.070121825 0.993381202 1.540557504 0.036336601 0.997087300 -0.067055628 -0.078013308 -0.995189786 0.029995576 -0.093259834 3.201511383
-0.093602680 0.069262147 0.993197501 1.581690550 0.035093334 0.997186840 -0.066233024 -0.080623858 -0.994990885 0.028655026 -0.095769994 3.198172808
-0.096202537 0.068851270 0.992977619 1.620897174 0.035289828 0.997213423 -0.065726012 -0.083397046 -0.994735897 0.028719002 -0.098364219 3.194989204
-0.097966596 0.069804281 0.992738605 1.663034081 0.035680339 0.997142076 -0.066592857 -0.087160498 -0.994549870 0.028897382 -0.100177258 3.190283060
-0.100397319 0.072034061 0.992336452 1.702789426 0.034080546 0.997039378 -0.068927430 -0.090121105 -0.994363546 0.026899239 -0.102555051 3.186398745
-0.104092650 0.073775485 0.991827548 1.742430329 0.033154756 0.996948123 -0.070676766 -0.093469739 -0.994014859 0.025526864 -0.106220990 3.183773994
-0.105882488 0.077298515 0.991369784 1.785661221 0.030533371 0.996756613 -0.074457474 -0.096891314 -0.993909776 0.022386113 -0.107899271 3.178445578
-0.107948460 0.081408747 0.990817785 1.825854301 0.027852494 0.996498048 -0.078840956 -0.100494385 -0.993766308 0.019085987 -0.109837875 3.173872471
-0.110578127 0.084250748 0.990290046 1.867216825 0.024681509 0.996326029 -0.082008265 -0.103433713 -0.993560970 0.015373529 -0.112251297 3.169692278
-0.113758020 0.082995355 0.990035772 1.910702944 0.022063307 0.996469915 -0.080999590 -0.106778644 -0.993263423 0.012629112 -0.115187593 3.165164948
-0.116479658 0.078192651 0.990110278 1.952978253 0.019908121 0.996879637 -0.076385207 -0.110588580 -0.992993534 0.010813912 -0.117672861 3.160219669
-0.118744321 0.076509528 0.989972770 1.993865252 0.019574041 0.997013450 -0.074705817 -0.114183016 -0.992731929 0.010506877 -0.119887292 3.154731512
-0.120465495 0.077214271 0.989710152 2.035698652 0.017939987 0.996976972 -0.075597599 -0.117673762 -0.992555499 0.008648485 -0.121486560 3.149229527
-0.122943208 0.080395572 0.989151895 2.080850363 0.018829450 0.996722817 -0.078670554 -0.120888337 -0.992235065 0.008953171 -0.124054089 3.145658255
-0.123305768 0.084064849 0.988801718 2.123034716 0.019131599 0.996421695 -0.082326934 -0.123950303 -0.992184341 0.008765970 -0.124472834 3.140056610
-0.123774841 0.083694316 0.988774657 2.165805340 0.018984886 0.996454120 -0.081967823 -0.128379732 -0.992128730 0.008626216 -0.124924868 3.135399342
-0.124059036 0.082417414 0.988846183 2.208293915 0.015310740 0.996585011 -0.081141561 -0.131882340 -0.992156744 0.005073622 -0.124897219 3.130762815
-0.123605900 0.081657797 0.988965929 2.251435518 0.011904996 0.996658802 -0.080805048 -0.135756016 -0.992259979 0.001785656 -0.124165043 3.125708342
-0.124217086 0.082637362 0.988807917 2.294191122 0.007822148 0.996576548 -0.082303956 -0.139872447 -0.992224336 -0.002488956 -0.124438234 3.120872021
-0.125473976 0.083088666 0.988611460 2.336024523 0.003098242 0.996514738 -0.083359689 -0.143611491 -0.992092133 -0.007396513 -0.125294104 3.116997480
-0.124334089 0.081439033 0.988892674 2.381210804 0.000799943 0.996634007 -0.081975967 -0.148109168 -0.992240071 -0.009401350 -0.123980723 3.110264778
-0.124881327 0.076763071 0.989197671 2.424657106 0.000683524 0.997008979 -0.077282928 -0.151393563 -0.992171466 -0.008975054 -0.124560274 3.105106831
-0.125545144 0.067642681 0.989779174 2.468348026 0.004075155 0.997699738 -0.067667052 -0.155190423 -0.992079616 -0.004461766 -0.125532001 3.099881411
-0.124809280 0.062767617 0.990193307 2.512314081 0.009685560 0.998026431 -0.062043343 -0.158309817 -0.992133498 0.001846994 -0.125170887 3.093507767
-0.123772807 0.065052904 0.990175962 2.555478811 0.017583260 0.997835875 -0.063358232 -0.161384195 -0.992154837 0.009568496 -0.124648795 3.087566853
-0.123180762 0.071250156 0.989823163 2.600392342 0.023044290 0.997355700 -0.068924561 -0.164245889 -0.992116630 0.014319594 -0.124496929 3.082010984
-0.122388899 0.076767161 0.989508867 2.643543720 0.026408743 0.996903002 -0.074074395 -0.167676687 -0.992130816 0.017065801 -0.124037184 3.076642036
-0.120520979 0.081907012 0.989326000 2.687913418 0.027721014 0.996479392 -0.079122245 -0.170450449 -0.992323697 0.017889228 -0.122367240 3.069875717
-0.120898917 0.078336343 0.989569008 2.733046293 0.024447709 0.996813953 -0.075922988 -0.174817055 -0.992363751 0.015013684 -0.122428872 3.065226555
-0.121619701 0.074152157 0.989803135 2.777907848 0.024130393 0.997131765 -0.071736217 -0.178220183 -0.992283523 0.015159799 -0.123060182 3.060304165
-0.120965280 0.071658485 0.990066886 2.821896315 0.022042813 0.997338951 -0.069491655 -0.181813568 -0.992411971 0.013417781 -0.122222945 3.055084229
-0.121720240 0.072619148 0.989904284 2.866872072 0.019569177 0.997301698 -0.070755564 -0.184778005 -0.992371500 0.010759233 -0.122812890 3.050179482
-0.120906256 0.077856362 0.989606023 2.911430359 0.021066623 0.996896207 -0.075856075 -0.188447207 -0.992440343 0.011676183 -0.122171156 3.044413328
-0.119094789 0.080143258 0.989643157 2.955812454 0.021510873 0.996711373 -0.078126997 -0.192549512 -0.992649794 0.011983571 -0.120427094 3.038357735
-0.119741678 0.078275859 0.989714444 3.001506329 0.020804843 0.996865988 -0.076324359 -0.196568191 -0.992587090 0.011451646 -0.120994925 3.033405304
-0.119582355 0.072122917 0.990201116 3.046585083 0.022454457 0.997299314 -0.069928177 -0.200060382 -0.992570400 0.013872254 -0.120878860 3.028152943
-0.120215245 0.070545420 0.990238190 3.092545986 0.021376587 0.997424662 -0.068462268 -0.203338698 -0.992517591 0.012937706 -0.121413663 3.022763491
-0.120442264 0.073265806 0.990013063 3.138369560 0.019032335 0.997259915 -0.071486712 -0.207035944 -0.992537796 0.010232238 -0.121506676 3.017956972
-0.119406857 0.076770291 0.989872813 3.184715986 0.017903293 0.997010350 -0.075164199 -0.210228056 -0.992683947 0.008746861 -0.120424315 3.011937857
-0.119715400 0.075979106 0.989896655 3.230665922 0.017192150 0.997076392 -0.074451014 -0.213726252 -0.992659330 0.008105519 -0.120671645 3.006955385
