0.999995232 -0.002426162 -0.001896521 0.000172932 0.002432322 0.999991775 0.003252433 -0.001070779 0.001888615 -0.003257030 0.999992907 0.054364253
0.999997020 -0.002414103 0.000386680 -0.003988673 0.002412745 0.999991059 0.003476464 -0.001310110 -0.000395069 -0.003475520 0.999993861 0.111823395
0.999990463 -0.001801572 -0.003958340 -0.001580861 0.001818851 0.999988794 0.004366002 -0.002623617 0.003950430 -0.004373160 0.999982655 0.160172164
0.999984682 -0.000800213 -0.005473597 -0.002199205 0.000822710 0.999991238 0.004109080 -0.003150503 0.005470261 -0.004113520 0.999976575 0.213698611
0.999977887 -0.000898020 -0.006590346 -0.003127608 0.000926887 0.999989986 0.004378501 -0.003740726 0.006586348 -0.004384513 0.999968708 0.266654164
0.999964058 -0.001033262 -0.008415299 -0.003616993 0.001070600 0.999989510 0.004433581 -0.004051098 0.008410629 -0.004442431 0.999954760 0.319408655
0.999949217 -0.003115893 -0.009592233 -0.004602465 0.003158882 0.999984980 0.004469762 -0.005076035 0.009578164 -0.004499835 0.999944031 0.374459118
0.999927759 -0.003825076 -0.011397305 -0.005127725 0.003874476 0.999983132 0.004315376 -0.005387636 0.011380606 -0.004359222 0.999925733 0.424526930
0.999917865 -0.002796347 -0.012509402 -0.006453959 0.002849654 0.999986887 0.004245597 -0.006022620 0.012497365 -0.004280896 0.999912679 0.479512751
0.999903858 -0.002849664 -0.013567680 -0.007180190 0.002909848 0.999985933 0.004418187 -0.006699941 0.013554901 -0.004457242 0.999898195 0.529103160
0.999896228 -0.001316269 -0.014346574 -0.008145341 0.001375086 0.999990642 0.004090646 -0.006549708 0.014341056 -0.004109949 0.999888718 0.583396435
0.999886513 -0.000819057 -0.015039556 -0.008838269 0.000903470 0.999983788 0.005606749 -0.008008867 0.015034721 -0.005619700 0.999871194 0.633658111
0.999872983 0.002838872 -0.015681058 -0.010090211 -0.002736077 0.999974549 0.006572918 -0.008090792 0.015699320 -0.006529178 0.999855459 0.690844536
0.999879777 0.001552254 -0.015427870 -0.011691738 -0.001448093 0.999976099 0.006760342 -0.009177512 0.015437995 -0.006737188 0.999858141 0.733741283
0.999891818 0.002273155 -0.014537130 -0.016040975 -0.002199282 0.999984622 0.005095633 -0.007303958 0.014548489 -0.005063111 0.999881327 0.784234107
0.999852538 0.002287929 -0.017022800 -0.012886022 -0.002166906 0.999972284 0.007124522 -0.009366769 0.017038628 -0.007086584 0.999829710 0.839800417
0.999860823 0.003124709 -0.016387191 -0.014521972 -0.002995022 0.999964058 0.007932481 -0.009373772 0.016411388 -0.007882297 0.999834239 0.888346493
0.999850333 0.002559933 -0.017107850 -0.014739381 -0.002456268 0.999978483 0.006077762 -0.009565519 0.017123040 -0.006034831 0.999835134 0.940812230
0.999858797 0.004848466 -0.016084572 -0.016749827 -0.004772602 0.999977350 0.004751543 -0.010712368 0.016107243 -0.004674106 0.999859333 0.989892840
0.999886334 0.002460016 -0.014871409 -0.018669654 -0.002404483 0.999990165 0.003750876 -0.010118858 0.014880489 -0.003714691 0.999882340 1.040330529
0.999880016 0.002435373 -0.015293087 -0.018923081 -0.002328412 0.999972761 0.007007962 -0.011506611 0.015309736 -0.006971512 0.999858499 1.090836525
0.999882340 0.001705252 -0.015244319 -0.019846946 -0.001572173 0.999960601 0.008737432 -0.012346480 0.015258620 -0.008712437 0.999845564 1.141832471
0.999892592 -0.000031451 -0.014654770 -0.021033749 0.000148026 0.999968290 0.007953761 -0.012535593 0.014654058 -0.007955075 0.999861002 1.189373612
0.999904931 -0.000314729 -0.013787650 -0.022664921 0.000393687 0.999983490 0.005724428 -0.012602339 0.013785622 -0.005729310 0.999888599 1.238042712
0.999907672 0.000942682 -0.013551215 -0.023437336 -0.000872970 0.999986291 0.005149317 -0.013287457 0.013555883 -0.005137012 0.999894917 1.285491347
0.999917269 0.001776661 -0.012741570 -0.024229055 -0.001728543 0.999991298 0.003786469 -0.013779336 0.012748186 -0.003764132 0.999911666 1.334565282
0.999939263 0.002211645 -0.010792527 -0.026017020 -0.002153541 0.999983132 0.005392401 -0.014477950 0.010804273 -0.005368832 0.999927223 1.383378744
0.999949038 0.003314871 -0.009537680 -0.026345992 -0.003243975 0.999967039 0.007439069 -0.015006093 0.009562028 -0.007407751 0.999926865 1.425739884
0.999963760 0.000923954 -0.008462961 -0.025417186 -0.000863227 0.999973893 0.007176518 -0.014328942 0.008469369 -0.007168954 0.999938488 1.473683715
0.999976575 0.004301870 -0.005320449 -0.027418341 -0.004250775 0.999945045 0.009577831 -0.015918592 0.005361360 -0.009554991 0.999940038 1.518606544
0.999994636 0.002621601 -0.001971388 -0.028077858 -0.002605044 0.999961674 0.008355118 -0.016021568 0.001993217 -0.008349936 0.999963164 1.560701132
0.999993324 0.003125941 0.001911546 -0.028025795 -0.003138772 0.999972284 0.006746662 -0.016658004 -0.001890403 -0.006752616 0.999975443 1.604137182
0.999981701 0.002637252 0.005453892 -0.028298330 -0.002664987 0.999983549 0.005084413 -0.016975228 -0.005440393 -0.005098855 0.999972284 1.647338033
0.999955595 0.001914427 0.009217846 -0.027653158 -0.001964416 0.999983370 0.005417177 -0.017350648 -0.009207324 -0.005435044 0.999942780 1.689875007
0.999884903 0.002179867 0.015011086 -0.028307438 -0.002262403 0.999982357 0.005483548 -0.018066633 -0.014998870 -0.005516877 0.999872267 1.731481910
0.999774933 0.003780630 0.020873357 -0.027028367 -0.003865265 0.999984384 0.004015806 -0.018273871 -0.020857850 -0.004095582 0.999774039 1.772756100
0.999567628 0.005696092 0.028846530 -0.026309360 -0.005822203 0.999973834 0.004289729 -0.018767495 -0.028821342 -0.004455823 0.999574661 1.814579964
0.999297321 0.006893387 0.036841251 -0.025097966 -0.007089299 0.999961376 0.005189761 -0.019039664 -0.036804058 -0.005447293 0.999307692 1.854972601
0.998794556 0.008761854 0.048297435 -0.024275884 -0.009083910 0.999937892 0.006452715 -0.020137180 -0.048237905 -0.006883667 0.998812139 1.895884752
0.998143017 0.010356474 0.060026426 -0.021009833 -0.010729409 0.999925077 0.005893869 -0.020382805 -0.059960883 -0.006526973 0.998179376 1.933932304
0.997126281 0.012944549 0.074643090 -0.018186077 -0.013460298 0.999888897 0.006410578 -0.020689582 -0.074551813 -0.007396874 0.997189641 1.973426342
0.995777369 0.014545923 0.090642229 -0.015724719 -0.015303282 0.999853551 0.007666034 -0.020853851 -0.090517439 -0.009020786 0.995854020 2.010167599
0.993971705 0.014762627 0.108638532 -0.012079909 -0.015727714 0.999844074 0.008031900 -0.021111017 -0.108503021 -0.009692118 0.994049013 2.048541307
0.991713941 0.014691520 0.127623379 -0.007515609 -0.015721414 0.999851525 0.007066156 -0.021297395 -0.127500609 -0.009014026 0.991797566 2.085020304
0.988988101 0.013615651 0.147366896 -0.002927095 -0.014706050 0.999871969 0.006312130 -0.021409964 -0.147262067 -0.008409806 0.989061713 2.118207932
0.985559762 0.010807405 0.168982655 0.004187196 -0.011981058 0.999910653 0.005927301 -0.022098508 -0.168903500 -0.007866301 0.985601187 2.161547899
0.981755853 0.005505162 0.190066263 0.011298865 -0.007099691 0.999945045 0.007709432 -0.022325825 -0.190013394 -0.008918192 0.981741011 2.196358919
0.976875544 0.000465913 0.213808089 0.018482149 -0.002438300 0.999956846 0.008961418 -0.022313021 -0.213794708 -0.009275518 0.976834595 2.231611252
0.971394300 -0.004690005 0.237425983 0.027776748 0.002707727 0.999958634 0.008674458 -0.022935964 -0.237456843 -0.007783433 0.971366823 2.268063068
0.964751899 -0.010720654 0.262942463 0.037076116 0.009297392 0.999934614 0.006656500 -0.022897098 -0.262996614 -0.003977192 0.964788556 2.303037167
0.957213640 -0.014621273 0.289012671 0.047811389 0.013155987 0.999888837 0.007011998 -0.023048967 -0.289083093 -0.002909734 0.957299531 2.336574554
0.948636532 -0.016725821 0.315925658 0.057975292 0.014351676 0.999848545 0.009840189 -0.023886990 -0.316042364 -0.004800698 0.948732913 2.368592501
0.938837707 -0.021026377 0.343717664 0.069995761 0.017854465 0.999763846 0.012390893 -0.023995019 -0.343897015 -0.005496142 0.938991308 2.401139975
0.927751422 -0.024226949 0.372411460 0.082358241 0.021096759 0.999699652 0.012478455 -0.024429714 -0.372601926 -0.003720228 0.927983701 2.432791710
0.915697932 -0.023177346 0.401198298 0.095980465 0.021658499 0.999730825 0.008321232 -0.024255641 -0.401283234 0.001069620 0.915953398 2.463291883
0.902592778 -0.024984272 0.429769725 0.109781682 0.026228629 0.999651372 0.003029043 -0.024847962 -0.429695576 0.008538280 0.902933419 2.492976665
0.888456523 -0.026467817 0.458197087 0.125078797 0.029194318 0.999573052 0.001131918 -0.025606602 -0.458031446 0.012371091 0.888849854 2.521578312
0.872584641 -0.027658829 0.487679183 0.141537309 0.029265456 0.999562204 0.004326894 -0.025929056 -0.487585396 0.010496571 0.873012125 2.551599979
0.854974210 -0.026009373 0.518017828 0.158709526 0.024623679 0.999651134 0.009551189 -0.025710216 -0.518085599 0.004589486 0.855316401 2.579875469
0.835214138 -0.026735947 0.549274385 0.176404834 0.023053404 0.999641657 0.013603106 -0.026583025 -0.549441397 0.001301138 0.835531354 2.607374191
0.813749075 -0.019838866 0.580877662 0.194135904 0.018500051 0.999794900 0.008229611 -0.026376428 -0.580921888 0.004049430 0.813949227 2.633601665
0.792259514 -0.013073395 0.610044122 0.215177178 0.015727844 0.999875903 0.001001951 -0.026385810 -0.609981418 0.008800875 0.792366922 2.659493446
0.769528568 -0.010811041 0.638520777 0.235323071 0.015098366 0.999885201 -0.001266718 -0.026628645 -0.638433814 0.010615395 0.769603550 2.684616327
0.745890617 -0.013305730 0.665935576 0.256030679 0.016337832 0.999865115 0.001678389 -0.026645388 -0.665868044 0.009628049 0.746007442 2.708920002
0.721639693 -0.013877961 0.692129612 0.278206825 0.016493944 0.999859869 0.002851100 -0.027595630 -0.692072213 0.009358481 0.721767545 2.731576920
0.696805596 -0.011614713 0.717166007 0.302090406 0.017749717 0.999841928 -0.001053069 -0.027037673 -0.717040420 0.013463276 0.696901619 2.753504992
0.669727981 -0.009104455 0.742550671 0.324851155 0.017712781 0.999836147 -0.003716623 -0.027313869 -0.742395222 0.015641764 0.669779539 2.775641680
0.642591894 -0.006995093 0.766176760 0.349286556 0.015906209 0.999864638 -0.004211891 -0.028106216 -0.766043603 0.014893495 0.642616093 2.796154499
0.614440262 -0.005287353 0.788945556 0.374525666 0.015898723 0.999857426 -0.005681274 -0.028429653 -0.788803101 0.016034031 0.614436746 2.816174507
0.585761249 0.001509675 0.810482264 0.401073098 0.014545310 0.999817550 -0.012374707 -0.028977763 -0.810352981 0.019037344 0.585632563 2.835362673
0.555257618 0.011021089 0.831605375 0.427001953 0.013932057 0.999648571 -0.022550475 -0.028987553 -0.831561685 0.024107290 0.554908991 2.853736639
0.523883581 0.020162452 0.851551175 0.454564691 0.012643058 0.999425590 -0.031441867 -0.029536789 -0.851696014 0.027238090 0.523327768 2.871543407
0.491966665 0.024683431 0.870264053 0.482758880 0.010646204 0.999352753 -0.034363165 -0.030704223 -0.870548964 0.026170542 0.491385400 2.887993813
0.459907740 0.023963651 0.887643456 0.512066364 0.008613128 0.999468505 -0.031445235 -0.032190837 -0.887925088 0.022107290 0.459456831 2.902913094
0.426716179 0.022613890 0.904102862 0.542250991 0.004107519 0.999628544 -0.026941884 -0.033449672 -0.904376268 0.015210159 0.426464796 2.917494535
0.391917855 0.023966918 0.919687986 0.572614253 -0.000020027 0.999660850 -0.026042463 -0.034663893 -0.920000196 0.010188090 0.391785413 2.931373596
0.357011586 0.027097609 0.933706760 0.604170918 -0.006698310 0.999627709 -0.026449572 -0.035528243 -0.934076011 0.003188547 0.357060254 2.943852186
0.320826620 0.028751748 0.946701467 0.635815859 -0.011288211 0.999584198 -0.026532376 -0.036911454 -0.947070658 -0.002174274 0.321017712 2.955240726
0.284941286 0.028118785 0.958132446 0.668096483 -0.013343359 0.999589145 -0.025367225 -0.037861951 -0.958451986 -0.005556535 0.285199404 2.965108156
0.248049155 0.027938705 0.968344510 0.701724648 -0.014359496 0.999580383 -0.025161617 -0.038968917 -0.968641043 -0.007663622 0.248346254 2.974575043
0.212323278 0.027016615 0.976826012 0.735058606 -0.013274846 0.999605238 -0.024761207 -0.040273722 -0.977109313 -0.007709831 0.212598145 2.981822491
0.177018479 0.025835434 0.983868301 0.769182444 -0.011171762 0.999643683 -0.024239639 -0.041340522 -0.984144032 -0.006700680 0.177244037 2.987875938
0.142622799 0.024714399 0.989468455 0.804165125 -0.002835112 0.999694288 -0.024561157 -0.042702757 -0.989772975 0.000697726 0.142649293 2.992685556
0.108780973 0.028365804 0.993660808 0.838374257 -0.000616222 0.999594510 -0.028467724 -0.043822616 -0.994065464 0.002484431 0.108754337 2.996341228
0.076194011 0.033253286 0.996538341 0.873140693 0.000374217 0.999442697 -0.033378817 -0.045093715 -0.997092903 0.002916186 0.076139100 2.999229193
0.047369298 0.037273727 0.998181880 0.908692777 0.006731595 0.999268949 -0.037633780 -0.046549417 -0.998854756 0.008502041 0.047083758 3.000424385
0.022121016 0.035037652 0.999141216 0.944616377 0.009037761 0.999337912 -0.035244647 -0.048209518 -0.999714434 0.009809649 0.021789713 3.000946283
-0.000067278 0.032105234 0.999484479 0.980497956 0.010630650 0.999428034 -0.032102708 -0.049736254 -0.999943495 0.010623009 -0.000408539 3.000829935
-0.019422090 0.029587153 0.999373555 1.016569257 0.010910511 0.999508798 -0.029379122 -0.051070198 -0.999751866 0.010333071 -0.019735361 3.000479221
-0.035987526 0.032780871 0.998814464 1.052478671 0.012858230 0.999394238 -0.032336615 -0.052616175 -0.999269485 0.011679272 -0.036387242 2.999480724
-0.050395392 0.037166968 0.998037517 1.088168144 0.015591487 0.999214768 -0.036423527 -0.053944074 -0.998607635 0.013725313 -0.050935309 2.997488260
-0.062109955 0.042289622 0.997173011 1.124755621 0.019743510 0.998958409 -0.041135609 -0.055669244 -0.997873962 0.017132765 -0.062880218 2.994747877
-0.070977286 0.045362227 0.996445954 1.161361217 0.025440853 0.998722851 -0.043653708 -0.058004409 -0.997153461 0.022252016 -0.072040692 2.992020607
-0.076957442 0.050846092 0.995737076 1.196105003 0.029314304 0.998382390 -0.048715562 -0.059877720 -0.996603370 0.025440311 -0.078323469 2.988989592
-0.080396518 0.055796746 0.995199978 1.234363794 0.030966336 0.998089910 -0.053457186 -0.061584279 -0.996281743 0.026519930 -0.081970766 2.986090422
-0.083380848 0.059977740 0.994711101 1.271022081 0.031932443 0.997835338 -0.057489410 -0.063644625 -0.996005893 0.026970044 -0.085115574 2.983202696
-0.086404704 0.062728494 0.994283319 1.308298111 0.033109054 0.997645378 -0.060063373 -0.066303253 -0.995709777 0.027730025 -0.088278115 2.980081081
-0.088163510 0.066434033 0.993888199 1.345541239 0.035254307 0.997356474 -0.063538611 -0.068712309 -0.995481968 0.029437054 -0.090272538 2.976428509
-0.090706103 0.069686376 0.993436635 1.381211877 0.035592936 0.997138202 -0.066696227 -0.071690105 -0.995241463 0.029309569 -0.092926875 2.973438501
-0.093339324 0.071429208 0.993068874 1.419264555 0.038876835 0.996924043 -0.068052441 -0.074062459 -0.994875073 0.032255400 -0.095829166 2.970224619
-0.095190942 0.069961131 0.992997468 1.458602548 0.038693927 0.997033477 -0.066536181 -0.077296413 -0.994706750 0.032089330 -0.097615629 2.966460228
-0.096583396 0.068928026 0.992935300 1.495907903 0.039099932 0.997091949 -0.065413296 -0.080701225 -0.994556665 0.032505866 -0.098997608 2.961831093
-0.097182274 0.070414722 0.992772520 1.534113407 0.039720353 0.996973872 -0.066824481 -0.083386868 -0.994473636 0.032939121 -0.099685080 2.955628395
-0.100748755 0.072999030 0.992230237 1.572910190 0.038449705 0.996845245 -0.069434464 -0.086061254 -0.994168639 0.031155525 -0.103237711 2.954032421
-0.104476251 0.075292081 0.991673291 1.611288548 0.034747109 0.996797740 -0.072020411 -0.088626400 -0.993920147 0.026933353 -0.106757872 2.950962067
-0.106239974 0.077782899 0.991293609 1.650049210 0.034240954 0.996630549 -0.074531972 -0.092839628 -0.993750751 0.026024565 -0.108545378 2.946368694
-0.107876197 0.082205310 0.990759790 1.688434839 0.032739252 0.996328831 -0.079102643 -0.095731050 -0.993625045 0.023903448 -0.110171519 2.941679478
-0.111307412 0.085430294 0.990107179 1.726260185 0.028330782 0.996166050 -0.082768127 -0.097975075 -0.993382156 0.018837798 -0.113300979 2.938229322
-0.112763152 0.083342567 0.990120411 1.766708851 0.026528100 0.996373355 -0.080847643 -0.102095924 -0.993267715 0.017149378 -0.114565119 2.931711435
-0.116676554 0.079616211 0.989973664 1.805505991 0.024390202 0.996710777 -0.077283442 -0.104777902 -0.992870390 0.015128492 -0.118234634 2.929024696
-0.120048858 0.076969326 0.989779830 1.843483448 0.025479468 0.996900499 -0.074432686 -0.108893998 -0.992440939 0.016283501 -0.121637903 2.925351858
-0.121609017 0.078683332 0.989454567 1.883496642 0.023473561 0.996802211 -0.076382615 -0.111162364 -0.992300451 0.013937206 -0.123067126 2.920704365
-0.122254960 0.080543384 0.989225268 1.924448371 0.025169255 0.996632755 -0.078035943 -0.115203641 -0.992179513 0.015357780 -0.123870537 2.915487289
-0.123571537 0.083773345 0.988793194 1.964149237 0.026331164 0.996356189 -0.081123419 -0.118030660 -0.991986275 0.016011531 -0.125327095 2.910862684
-0.124466270 0.084855229 0.988588691 2.003870726 0.025197959 0.996285439 -0.082343377 -0.120920420 -0.991903782 0.014661449 -0.126142085 2.906776428
-0.123362117 0.083515972 0.988841176 2.044410467 0.021318838 0.996445358 -0.081498608 -0.125131115 -0.992132664 0.011027103 -0.124704085 2.900593996
-0.123259522 0.082493030 0.988939822 2.083588600 0.018539185 0.996556461 -0.080817692 -0.128538400 -0.992201209 0.008372588 -0.124364421 2.895712852
-0.122770749 0.084019631 0.988872111 2.123474121 0.015098087 0.996452689 -0.082789242 -0.131588727 -0.992320240 0.004765978 -0.123603798 2.890432596
-0.123156637 0.083513223 0.988866925 2.164902210 0.010354203 0.996506631 -0.082868874 -0.135764673 -0.992333293 0.000033077 -0.123591118 2.885867357
-0.123758867 0.083506890 0.988792360 2.204521894 0.007173038 0.996502161 -0.083260186 -0.138680369 -0.992286503 -0.003211544 -0.123924956 2.881614923
-0.124373510 0.078991011 0.989086270 2.244945288 0.007148343 0.996871710 -0.078713886 -0.141467452 -0.992209792 -0.002719596 -0.124549069 2.877063751
-0.124442838 0.070284136 0.989734352 2.286018372 0.010947076 0.997524619 -0.069460928 -0.145039469 -0.992166340 0.002190782 -0.124904178 2.871844053
-0.124603294 0.063978985 0.990141749 2.326773882 0.016127817 0.997917712 -0.062451847 -0.148879260 -0.992075503 0.008187118 -0.125375673 2.866821527
-0.123418763 0.067426004 0.990061402 2.368482590 0.025051730 0.997582793 -0.064815342 -0.150840342 -0.992038369 0.016803320 -0.124809548 2.860798359
-0.122356951 0.073027968 0.989795804 2.408952475 0.030430781 0.997096419 -0.069804832 -0.153858095 -0.992019475 0.021579156 -0.124223970 2.855482340
-0.120727226 0.078761563 0.989556253 2.450117111 0.034535386 0.996577263 -0.075107038 -0.156724438 -0.992084801 0.025107250 -0.123034090 2.849884987
-0.120413773 0.083258562 0.989226222 2.491701603 0.034662981 0.996221781 -0.079627991 -0.159887463 -0.992118418 0.024701225 -0.122844815 2.845198870
-0.120557047 0.079983175 0.989479125 2.533190966 0.031766269 0.996549249 -0.076684326 -0.163690031 -0.992197931 0.022187218 -0.122681811 2.840055943
-0.119814001 0.075429916 0.989926815 2.575373888 0.031558942 0.996895015 -0.072141215 -0.167022631 -0.992294610 0.022597516 -0.121822476 2.834615707
-0.120348290 0.073259108 0.990024924 2.616956472 0.029058101 0.997106016 -0.070250764 -0.170368999 -0.992306292 0.020313682 -0.122128785 2.830392838
-0.120294355 0.074191436 0.989961982 2.658649683 0.027325641 0.997073114 -0.071403921 -0.173495710 -0.992362082 0.018461859 -0.121969581 2.825417995
-0.120079249 0.079467312 0.989578784 2.700936794 0.027902827 0.996667504 -0.076650746 -0.176673889 -0.992372096 0.018407883 -0.121896453 2.820413589
-0.119854867 0.082162537 0.989385843 2.743632317 0.026661176 0.996476591 -0.079521641 -0.179941952 -0.992433310 0.016847135 -0.121623129 2.815308094
-0.119375035 0.081019640 0.989537954 2.786392450 0.026923439 0.996562541 -0.078346834 -0.183494896 -0.992484033 0.017289111 -0.121146008 2.810391903
-0.118472517 0.074278876 0.990175128 2.828781605 0.028431900 0.997042954 -0.071392260 -0.187055111 -0.992550075 0.019694543 -0.120234095 2.804938555
-0.118800923 0.071827598 0.990316689 2.872377396 0.028736163 0.997210979 -0.068880387 -0.191077530 -0.992502093 0.020274851 -0.120533630 2.799790144
-0.118264452 0.075855359 0.990080535 2.914845705 0.025643518 0.996978641 -0.073320769 -0.193341956 -0.992650986 0.016717911 -0.119852349 2.794920206
-0.120142274 0.078270689 0.989666343 2.957437277 0.024529837 0.996816814 -0.075858377 -0.197116524 -0.992453575 0.015162556 -0.121679805 2.791220665
-0.119012661 0.078450128 0.989788651 3.002088308 0.024354711 0.996804416 -0.076077767 -0.199962482 -0.992593944 0.015051799 -0.120542966 2.785821438
