0.999996543 -0.002301766 -0.001259116 -0.000371166 0.002305586 0.999992728 0.003040677 -0.000809089 0.001252108 -0.003043569 0.999994576 0.056810983
0.999994099 -0.002361470 -0.002491957 -0.001002887 0.002371578 0.999988914 0.004061187 -0.001623623 0.002482339 -0.004067073 0.999988675 0.113084428
0.999991536 -0.001196834 -0.003914297 -0.001707012 0.001210991 0.999992728 0.003616272 -0.001959530 0.003909940 -0.003620982 0.999985814 0.169279158
0.999986708 -0.000372787 -0.005132034 -0.002465380 0.000391369 0.999993384 0.003620263 -0.002786713 0.005130650 -0.003622223 0.999980271 0.225380316
0.999974966 -0.000451838 -0.007065200 -0.002618166 0.000478443 0.999992788 0.003764516 -0.003194383 0.007063448 -0.003767802 0.999967933 0.281215221
0.999965668 -0.000616737 -0.008269615 -0.003573228 0.000653137 0.999990106 0.004399644 -0.003906760 0.008266820 -0.004404894 0.999956071 0.339562476
0.999951899 -0.002497339 -0.009486401 -0.005025320 0.002530249 0.999990761 0.003458820 -0.004544580 0.009477678 -0.003482657 0.999948978 0.392072737
0.999879956 -0.004415375 -0.014853244 -0.002501542 0.004481412 0.999980152 0.004415589 -0.005716664 0.014833453 -0.004481622 0.999879956 0.452029169
0.999917507 -0.003113578 -0.012460842 -0.006209691 0.003159563 0.999988198 0.003672367 -0.005620061 0.012449263 -0.003711435 0.999915600 0.502891600
0.999926448 -0.002536358 -0.011863326 -0.008300284 0.002583833 0.999988675 0.003988221 -0.006766811 0.011853077 -0.004018580 0.999921679 0.558881700
0.999902248 -0.001318404 -0.013917975 -0.008204501 0.001374641 0.999990940 0.004031779 -0.006434826 0.013912533 -0.004050517 0.999895036 0.612116635
0.999882102 -0.001090318 -0.015316055 -0.008986921 0.001163703 0.999987900 0.004783269 -0.007086249 0.015310656 -0.004800527 0.999871314 0.669204295
0.999883533 0.001360228 -0.015197614 -0.010200855 -0.001275414 0.999983549 0.005589042 -0.007076111 0.015204967 -0.005569008 0.999868870 0.721567154
0.999871671 0.001941446 -0.015904281 -0.011259379 -0.001856998 0.999984086 0.005322796 -0.007026133 0.015914362 -0.005292579 0.999859393 0.777229130
0.999866724 0.002341443 -0.016151978 -0.012129355 -0.002258280 0.999984086 0.005165129 -0.007391033 0.016163815 -0.005127966 0.999856174 0.829821706
0.999860823 0.001466330 -0.016618103 -0.012046108 -0.001381259 0.999985814 0.005129510 -0.007691444 0.016625391 -0.005105841 0.999848723 0.886941612
0.999864042 0.003506579 -0.016112352 -0.014044986 -0.003396224 0.999970615 0.006871398 -0.008653701 0.016135974 -0.006815742 0.999846578 0.937422276
0.999867737 0.004716642 -0.015564051 -0.015574483 -0.004625722 0.999972105 0.005872470 -0.009315117 0.015591314 -0.005799699 0.999861598 0.991316974
0.999855578 0.004805381 -0.016300408 -0.014799703 -0.004748407 0.999982536 0.003532124 -0.009934258 0.016317096 -0.003454213 0.999860883 1.046106458
0.999865770 0.002373355 -0.016210137 -0.016655000 -0.002318362 0.999991417 0.003410429 -0.010261838 0.016218098 -0.003372390 0.999862790 1.093963265
0.999871373 0.002121231 -0.015893552 -0.017928293 -0.002020533 0.999977827 0.006349186 -0.011061387 0.015906669 -0.006316257 0.999853551 1.144871354
0.999880791 -0.000163370 -0.015437300 -0.021865070 0.000275927 0.999973297 0.007289413 -0.010572572 0.015435700 -0.007292804 0.999854267 1.189660907
0.999879003 -0.001018091 -0.015517039 -0.019423336 0.001128658 0.999973953 0.007118402 -0.012160562 0.015509389 -0.007135054 0.999854207 1.248573065
0.999885559 -0.000586122 -0.015111806 -0.020468548 0.000661607 0.999987304 0.004990588 -0.012566188 0.015108690 -0.005000015 0.999873340 1.299625635
0.999900162 0.000588604 -0.014111666 -0.022322316 -0.000530106 0.999991179 0.004148707 -0.012990555 0.014113983 -0.004140812 0.999891818 1.348655224
0.999904513 0.001512213 -0.013737857 -0.022363171 -0.001467614 0.999993622 0.003255939 -0.013540380 0.013742694 -0.003235466 0.999900341 1.398131490
0.999916792 0.002363593 -0.012686178 -0.023150483 -0.002311700 0.999988854 0.004103591 -0.013871312 0.012695737 -0.004073922 0.999911070 1.447250485
0.999938846 0.002603007 -0.010754498 -0.024130683 -0.002535452 0.999976993 0.006290489 -0.014721313 0.010770626 -0.006262836 0.999922395 1.494923592
0.999954641 0.001790646 -0.009352099 -0.024807148 -0.001722150 0.999971688 0.007327080 -0.015215510 0.009364955 -0.007310641 0.999929368 1.543868780
0.999973893 0.002072412 -0.006917208 -0.024842903 -0.002015516 0.999964178 0.008222082 -0.016082942 0.006933997 -0.008207925 0.999942243 1.590126038
0.999993265 0.001677970 -0.003252611 -0.025774587 -0.001652953 0.999969184 0.007678868 -0.016649060 0.003265395 -0.007673440 0.999965191 1.636372328
0.999999046 0.001362402 -0.000013378 -0.026013726 -0.001362298 0.999980867 0.006033513 -0.016970139 0.000021597 -0.006033489 0.999981821 1.683024049
0.999992073 0.000555107 0.003953877 -0.026198730 -0.000571203 0.999991477 0.004070870 -0.017494868 -0.003951583 -0.004073096 0.999983966 1.728156447
0.999971032 0.000753876 0.007574835 -0.026186045 -0.000793807 0.999985814 0.005269815 -0.018767908 -0.007570756 -0.005275676 0.999957442 1.768033385
0.999913931 0.001557985 0.013035080 -0.025625741 -0.001623306 0.999986112 0.005002079 -0.018996172 -0.013027109 -0.005022808 0.999902487 1.816351533
0.999806404 0.003721925 0.019319547 -0.024737738 -0.003784894 0.999987662 0.003223822 -0.018539306 -0.019307306 -0.003296321 0.999808133 1.859678745
0.999625921 0.004794267 0.026927020 -0.024130926 -0.004892640 0.999981582 0.003588606 -0.019428955 -0.026909322 -0.003719008 0.999630988 1.900890946
0.999353528 0.005445694 0.035534553 -0.023506112 -0.005620405 0.999972582 0.004818621 -0.020305844 -0.035507340 -0.005015227 0.999356747 1.945206046
0.998912215 0.007939809 0.045950413 -0.021955095 -0.008201756 0.999951184 0.005514922 -0.020962007 -0.045904383 -0.005885797 0.998928428 1.985842705
0.998209596 0.010347546 0.058910433 -0.020105325 -0.010692784 0.999927402 0.005548160 -0.021478698 -0.058848746 -0.006168144 0.998247802 2.029226780
0.997192442 0.012309790 0.073862486 -0.017448440 -0.012770816 0.999901772 0.005772620 -0.021527842 -0.073784150 -0.006699698 0.997251749 2.071506977
0.995799482 0.014902418 0.090340793 -0.014131531 -0.015565579 0.999856770 0.006640503 -0.021544684 -0.090228893 -0.008018816 0.995888829 2.111638784
0.994034410 0.015557727 0.107952222 -0.011069566 -0.016480248 0.999834836 0.007658693 -0.021985091 -0.107815236 -0.009392083 0.994126618 2.146226883
0.991706610 0.014660080 0.127683282 -0.006157488 -0.015646596 0.999854922 0.006726631 -0.022350900 -0.127566159 -0.008668653 0.991792202 2.188141346
0.988954842 0.013418097 0.147608578 -0.000086963 -0.014452963 0.999877930 0.005940500 -0.023062618 -0.147510841 -0.008008268 0.989028037 2.233694792
0.985630453 0.010963971 0.168559760 0.005819321 -0.012082462 0.999911308 0.005611345 -0.023490481 -0.168483287 -0.007567330 0.985675454 2.270873547
0.981694937 0.006076699 0.190362930 0.013423085 -0.007609246 0.999944270 0.007320745 -0.023410298 -0.190307796 -0.008635258 0.981686473 2.309623718
0.976934731 -0.000194992 0.213537574 0.021914244 -0.001759453 0.999958277 0.008962614 -0.024164636 -0.213530391 -0.009131597 0.976893842 2.348660469
0.971509814 -0.004916361 0.236948282 0.031006932 0.002968271 0.999958813 0.008577632 -0.024399489 -0.236980677 -0.007629926 0.971484482 2.384569407
0.964957893 -0.010835156 0.262181103 0.040632248 0.009347945 0.999932349 0.006919077 -0.024941202 -0.262238383 -0.004225761 0.964993954 2.420328379
0.957331419 -0.015023096 0.288601458 0.052072883 0.013325846 0.999880433 0.007844895 -0.025551053 -0.288684815 -0.003664305 0.957417250 2.457427979
0.948699117 -0.017989304 0.315668136 0.063272238 0.015632253 0.999827743 0.009997534 -0.025920780 -0.315793663 -0.004550047 0.948816895 2.491510868
0.939016461 -0.022604628 0.343128532 0.075972199 0.019332685 0.999729097 0.012953745 -0.026278099 -0.343328476 -0.005530183 0.939199150 2.525604486
0.928107619 -0.024853172 0.371481538 0.089886427 0.021681093 0.999684036 0.012713775 -0.026329843 -0.371680170 -0.003745626 0.928353250 2.558953762
0.915615439 -0.025373228 0.401253760 0.102684319 0.023380606 0.999677956 0.009862618 -0.028241891 -0.401374757 0.000351193 0.915913820 2.591573715
0.902318656 -0.026091581 0.430279315 0.116811574 0.026976464 0.999627888 0.004045061 -0.027539156 -0.430224746 0.007957481 0.902686715 2.622462034
0.888029397 -0.028287798 0.458915591 0.133183897 0.030652314 0.999527454 0.002297319 -0.028557105 -0.458763659 0.012026740 0.888476908 2.653747559
0.872166276 -0.028610315 0.488372207 0.149621606 0.030014900 0.999537170 0.004953367 -0.028562944 -0.488287926 0.010338286 0.872621357 2.683875561
0.853314996 -0.027276305 0.520681739 0.165549636 0.025885994 0.999615490 0.009942560 -0.027735135 -0.520752668 0.004994231 0.853692889 2.715282440
0.835102320 -0.027663214 0.549398601 0.187606454 0.024004359 0.999616027 0.013845127 -0.028126922 -0.549570680 0.001625863 0.835445702 2.743035793
0.813917398 -0.021672325 0.580576301 0.207316518 0.019924428 0.999757409 0.009387621 -0.028881645 -0.580638885 0.003926905 0.814151764 2.771439791
0.792361319 -0.014969294 0.609868407 0.229187608 0.017046059 0.999851823 0.002394677 -0.029233247 -0.609813809 0.008498404 0.792499125 2.798430920
0.769294798 -0.012622187 0.638769329 0.249738336 0.016646523 0.999861360 -0.000290627 -0.028921330 -0.638677180 0.010856869 0.769398212 2.825053215
0.746152341 -0.014944338 0.665607452 0.272463083 0.017273778 0.999846041 0.003084651 -0.029417150 -0.665551126 0.009195937 0.746295571 2.850308895
0.721517265 -0.015250506 0.692228377 0.295962572 0.017403660 0.999840975 0.003887501 -0.030117147 -0.692177534 0.009242409 0.721668005 2.875051975
0.696548879 -0.013074961 0.717390120 0.320715189 0.018874248 0.999821782 -0.000103436 -0.029167552 -0.717261076 0.013612248 0.696671546 2.898132086
0.670036554 -0.010487739 0.742253959 0.345961213 0.017849579 0.999838591 -0.001985604 -0.030384179 -0.742113411 0.014579350 0.670115650 2.921498775
0.643064141 -0.007724991 0.765773416 0.371809840 0.015726101 0.999871433 -0.003119582 -0.030586028 -0.765650868 0.014048720 0.643102944 2.943406105
0.613658190 -0.006656941 0.789543748 0.397116780 0.016233426 0.999859393 -0.004186937 -0.031154433 -0.789404869 0.015386350 0.613680065 2.964897156
0.584432006 -0.000580410 0.811442494 0.424181581 0.014789545 0.999841213 -0.009936832 -0.032134809 -0.811307728 0.017808270 0.584347963 2.985379934
0.554249287 0.009109273 0.832300842 0.452238917 0.012441753 0.999737680 -0.019227080 -0.033168934 -0.832257748 0.021011880 0.553990662 3.004334450
0.523319721 0.017511213 0.851956487 0.481239200 0.012577720 0.999521077 -0.028270222 -0.033391036 -0.852043509 0.025510035 0.522849023 3.022253752
0.491649151 0.022836579 0.870493770 0.511676073 0.009918914 0.999444366 -0.031821605 -0.034170788 -0.870736837 0.024279421 0.491149545 3.039668798
0.459423393 0.021601446 0.887954772 0.542006254 0.007735570 0.999569058 -0.028319053 -0.036290001 -0.888183773 0.019879267 0.459058285 3.055199623
0.425783038 0.021150161 0.904578090 0.573721409 0.003597285 0.999679327 -0.025066976 -0.036478046 -0.904818058 0.013927124 0.425570428 3.070828199
0.391736805 0.021917084 0.919816256 0.606168151 -0.000739304 0.999723375 -0.023506233 -0.038218196 -0.920077026 0.008528231 0.391644657 3.084953547
0.355537206 0.025236925 0.934321284 0.638361096 -0.008037136 0.999680996 -0.023943983 -0.039081357 -0.934627593 0.001003708 0.355626613 3.098467827
0.320582986 0.026828377 0.946840346 0.672509551 -0.013078701 0.999629021 -0.023895906 -0.040567938 -0.947130144 -0.004722823 0.320814878 3.109926224
0.284698486 0.025643878 0.958274066 0.706648409 -0.015306883 0.999636352 -0.022203157 -0.041951220 -0.958494902 -0.008346986 0.284987450 3.120314121
0.248572856 0.025363952 0.968280971 0.741685808 -0.016312106 0.999624908 -0.021997424 -0.042962804 -0.968475878 -0.010326738 0.248893380 3.129435778
0.211575598 0.024993161 0.977042019 0.778335333 -0.016354553 0.999623477 -0.022029277 -0.044385254 -0.977224767 -0.011318228 0.211904705 3.138434649
0.176949471 0.024439732 0.983916461 0.814634621 -0.013922941 0.999653697 -0.022326702 -0.044882320 -0.984121442 -0.009748312 0.177228481 3.144566774
0.141253740 0.023068372 0.989704549 0.851533890 -0.005875207 0.999730408 -0.022463527 -0.046326585 -0.989955962 -0.002641662 0.141351163 3.150554657
0.107672468 0.025981238 0.993846834 0.888058782 -0.003936562 0.999661803 -0.025706766 -0.048063558 -0.994178593 -0.001144429 0.107738316 3.154153585
0.074829698 0.031355079 0.996703386 0.924822211 -0.003239853 0.999507904 -0.031200074 -0.048975315 -0.997191072 -0.000894480 0.074894451 3.157284260
0.045721307 0.034926377 0.998343527 0.962180734 0.003578496 0.999376476 -0.035126403 -0.050505251 -0.998947859 0.005178592 0.045567811 3.158886909
0.020467561 0.033492699 0.999229491 0.999930561 0.005495585 0.999419868 -0.033611655 -0.051813029 -0.999775410 0.006179298 0.020271625 3.159222841
-0.001945630 0.030485382 0.999533355 1.037752032 0.007554234 0.999507070 -0.030469880 -0.052970000 -0.999969602 0.007491425 -0.002174962 3.159418344
-0.020449048 0.027943909 0.999400318 1.076012373 0.007890948 0.999582708 -0.027787548 -0.054646693 -0.999759734 0.007317989 -0.020661023 3.158273935
-0.037494138 0.031357970 0.998804688 1.114221096 0.009785634 0.999471068 -0.031011548 -0.056005813 -0.999248922 0.008611188 -0.037781164 3.157410622
-0.051459961 0.035277981 0.998051703 1.152389407 0.012792036 0.999317169 -0.034663141 -0.057565723 -0.998593092 0.010983349 -0.051876109 3.154658556
-0.063580111 0.040757064 0.997144043 1.190107584 0.017291874 0.999060690 -0.039732825 -0.058915783 -0.997826993 0.014716273 -0.064225152 3.152075291
-0.071830519 0.044032738 0.996444345 1.228917956 0.023111133 0.998830259 -0.042472169 -0.060767859 -0.997149050 0.019978164 -0.072764151 3.148852348
-0.077722177 0.049096651 0.995765388 1.267410040 0.026097180 0.998544633 -0.047196731 -0.062912300 -0.996633530 0.022318438 -0.078890339 3.145747423
-0.081198692 0.054366443 0.995214105 1.305207968 0.028993867 0.998217523 -0.052164938 -0.064675234 -0.996276259 0.024619378 -0.082630239 3.142541647
-0.084545791 0.058112651 0.994723558 1.343839884 0.030615048 0.997977972 -0.055700678 -0.067149863 -0.995949090 0.025744252 -0.086153962 3.139510393
-0.086806789 0.061088718 0.994350374 1.382436156 0.031536434 0.997786403 -0.058546685 -0.069607772 -0.995725870 0.026276015 -0.088541143 3.135883570
-0.088985309 0.064711355 0.993928552 1.421743393 0.033176534 0.997526050 -0.061975311 -0.072056949 -0.995480239 0.027460208 -0.090912051 3.132478952
-0.090594880 0.068240114 0.993547022 1.459409475 0.034914799 0.997254014 -0.065311059 -0.074718930 -0.995275676 0.028772652 -0.092728674 3.128566504
-0.093291827 0.070203461 0.993160665 1.498533726 0.037053168 0.997064829 -0.066998854 -0.077217713 -0.994949102 0.030549306 -0.095619254 3.125003815
-0.095182046 0.069138318 0.993055999 1.538526416 0.036893364 0.997144818 -0.065886848 -0.079887383 -0.994775951 0.030365931 -0.097461037 3.120771646
-0.097564273 0.068789817 0.992848992 1.576606870 0.035966285 0.997200549 -0.065556973 -0.082686707 -0.994579136 0.029313078 -0.099765249 3.117240191
-0.100015469 0.069711879 0.992540717 1.615884781 0.036190074 0.997137368 -0.066387944 -0.085781619 -0.994327545 0.029280299 -0.102252044 3.113563776
-0.102337077 0.072195604 0.992126465 1.655593395 0.034947436 0.997008026 -0.068946034 -0.088457726 -0.994135737 0.027616546 -0.104553930 3.109539270
-0.104971960 0.073665671 0.991742909 1.694597244 0.033496972 0.996948838 -0.070506811 -0.092145398 -0.993910909 0.025819151 -0.107119225 3.105518818
-0.106924646 0.077577993 0.991235912 1.734070063 0.031415269 0.996717215 -0.074618205 -0.094989181 -0.993770719 0.023161413 -0.109010763 3.100952864
-0.109864786 0.081262819 0.990619004 1.773971796 0.028225198 0.996505439 -0.078615353 -0.098419473 -0.993545771 0.019323362 -0.111774489 3.097127199
-0.112526633 0.083719365 0.990115523 1.813063860 0.025885446 0.996353030 -0.081304900 -0.101695620 -0.993311465 0.016480613 -0.114283368 3.092907190
-0.114996046 0.082321785 0.989949107 1.853903890 0.023821309 0.996502101 -0.080099568 -0.104837596 -0.993080318 0.014370747 -0.116554826 3.087979555
-0.117840365 0.079007417 0.989884615 1.893505573 0.020864965 0.996806800 -0.077076063 -0.107220143 -0.992813349 0.011571235 -0.119112588 3.082755566
-0.120367534 0.076628067 0.989767551 1.934034109 0.022197649 0.996974885 -0.074486583 -0.111313321 -0.992481172 0.013004743 -0.121704377 3.078415871
-0.122023582 0.077134795 0.989525437 1.973368406 0.022325836 0.996936619 -0.074959397 -0.114589132 -0.992276073 0.012945166 -0.123371877 3.073131084
-0.122888543 0.079582870 0.989224315 2.015659809 0.023149878 0.996738136 -0.077311493 -0.118199848 -0.992150366 0.013399723 -0.124330021 3.067712545
-0.123797394 0.082748637 0.988851249 2.055922747 0.023963708 0.996475577 -0.080386564 -0.121284097 -0.992018104 0.013744893 -0.125344038 3.062733650
-0.123791307 0.084566601 0.988698244 2.096922636 0.021263080 0.996359229 -0.082559600 -0.123565868 -0.992080450 0.010802605 -0.125138760 3.056993008
-0.124012351 0.081797995 0.988903403 2.139511585 0.019959109 0.996600568 -0.079931691 -0.128472626 -0.992079914 0.009825113 -0.125223398 3.052120924
-0.123367131 0.081265301 0.989028037 2.179285765 0.015715871 0.996676445 -0.079933383 -0.131875813 -0.992236614 0.005682286 -0.124234259 3.046322823
-0.123916835 0.082072623 0.988892615 2.219118118 0.011642255 0.996625364 -0.081255510 -0.135407686 -0.992224276 0.001444014 -0.124454148 3.041719437
-0.123487160 0.082975239 0.988871098 2.262295485 0.007559195 0.996547878 -0.082675420 -0.138652891 -0.992317379 -0.002734283 -0.123688102 3.036226034
-0.124039121 0.081748061 0.988904178 2.302914381 0.004196934 0.996634960 -0.081860691 -0.142732233 -0.992268443 -0.006003562 -0.123964809 3.031625032
-0.124357171 0.077162668 0.989232659 2.346235752 0.004665197 0.997006059 -0.077182546 -0.145746365 -0.992226541 -0.004983236 -0.124344803 3.026567221
-0.125043690 0.068352662 0.989794016 2.387901306 0.007954623 0.997660995 -0.067891017 -0.149082154 -0.992119372 -0.000615904 -0.125294939 3.021817207
-0.124490179 0.063256197 0.990202427 2.430777073 0.013265550 0.997982681 -0.062085446 -0.152201712 -0.992132187 0.005406552 -0.125078171 3.015935183
-0.123088405 0.066446178 0.990168750 2.473170757 0.021474304 0.997700751 -0.064282142 -0.154874668 -0.992163420 0.013350800 -0.124232277 3.009823084
-0.122259498 0.071543477 0.989916205 2.515743256 0.027481275 0.997260094 -0.068680175 -0.157960117 -0.992117643 0.018807361 -0.123890631 3.004519463
-0.121582463 0.077106856 0.989581823 2.557945967 0.031061662 0.996785343 -0.073851831 -0.161198258 -0.992095232 0.021758970 -0.123586677 2.999181271
-0.120271467 0.081874147 0.989359081 2.600423098 0.032181200 0.996391118 -0.078543976 -0.164266348 -0.992219329 0.022392163 -0.122472212 2.993380547
-0.120117798 0.078207307 0.989674389 2.642871141 0.029152432 0.996740222 -0.075227417 -0.168046236 -0.992331505 0.019815261 -0.122006178 2.988130808
-0.120366789 0.074056998 0.989963353 2.687039137 0.028894398 0.997052491 -0.071074136 -0.171260595 -0.992308974 0.020049421 -0.122151837 2.983079433
-0.118969068 0.072646037 0.990236759 2.729482174 0.026716409 0.997192919 -0.069946595 -0.174134016 -0.992538452 0.018134093 -0.120575964 2.977029562
-0.118557595 0.073034726 0.990257621 2.773457527 0.024925375 0.997195780 -0.070562296 -0.177531004 -0.992634296 0.016316844 -0.120045573 2.971247435
-0.118871845 0.078624710 0.989791691 2.814912319 0.025670942 0.996769965 -0.076096006 -0.180701345 -0.992577672 0.016363209 -0.120506257 2.967223167
-0.117064893 0.081121340 0.989805579 2.857927322 0.025046095 0.996582508 -0.078714542 -0.184258386 -0.992808342 0.015576060 -0.118696593 2.960767508
-0.118235804 0.079935208 0.989762902 2.900030851 0.024644066 0.996683836 -0.077550225 -0.187626451 -0.992679715 0.015222567 -0.119813643 2.957345724
-0.118032746 0.073676027 0.990272820 2.942729235 0.026714783 0.997118473 -0.071001157 -0.191075385 -0.992650330 0.018074455 -0.119660862 2.952200174
-0.118127592 0.071797609 0.990399539 2.986333847 0.025566224 0.997271955 -0.069246478 -0.194359452 -0.992669225 0.017140852 -0.119640924 2.946782112
-0.117846563 0.074428305 0.990238667 3.030282497 0.023742594 0.997113347 -0.072119452 -0.197733223 -0.992747903 0.015011805 -0.119273491 2.941834927
-0.117027305 0.077629223 0.990090072 3.073386431 0.023249198 0.996881247 -0.075413689 -0.201125368 -0.992856503 0.014193342 -0.118467137 2.936255932
-0.118966267 0.077398054 0.989876986 3.116804361 0.021445433 0.996924818 -0.075371765 -0.204211265 -0.992666662 0.012261649 -0.120260261 2.932416916
