0.999996543 -0.002387800 -0.001127060 -0.000496078 0.002391283 0.999992251 0.003099374 -0.000899865 0.001119650 -0.003102059 0.999994576 0.057253849
0.999997199 -0.002248579 -0.000753639 -0.001808625 0.002251780 0.999988317 0.004273794 -0.002043106 0.000744020 -0.004275479 0.999990582 0.119215369
0.999993443 -0.001354668 -0.003335749 -0.002286896 0.001366062 0.999993205 0.003415776 -0.001785202 0.003331098 -0.003420311 0.999988616 0.171503216
0.999986887 -0.000823663 -0.005052113 -0.002621764 0.000841473 0.999993384 0.003524112 -0.002646180 0.005049178 -0.003528317 0.999981046 0.228918731
0.999978721 -0.000917522 -0.006454837 -0.003233026 0.000941988 0.999992371 0.003788340 -0.003294433 0.006451312 -0.003794340 0.999971926 0.285444051
0.999966443 -0.000958098 -0.008136580 -0.004092118 0.000994493 0.999989510 0.004470112 -0.004018846 0.008132213 -0.004478053 0.999956846 0.341733724
0.999947429 -0.002734486 -0.009884508 -0.004661290 0.002769458 0.999989867 0.003526023 -0.004536164 0.009874766 -0.003553212 0.999944925 0.398466647
0.999923587 -0.004257019 -0.011608396 -0.005148923 0.004310522 0.999980211 0.004587860 -0.005394092 0.011588636 -0.004637549 0.999922037 0.456524909
0.999920309 -0.003112122 -0.012235993 -0.006580248 0.003158881 0.999987781 0.003803960 -0.005971219 0.012224006 -0.003842309 0.999917865 0.510297596
0.999909282 -0.003249221 -0.013075396 -0.007928013 0.003302650 0.999986291 0.004066668 -0.006412501 0.013062003 -0.004109482 0.999906242 0.568064511
0.999904156 -0.001274166 -0.013784165 -0.008695488 0.001337423 0.999988616 0.004580891 -0.007067888 0.013778170 -0.004598888 0.999894500 0.621059537
0.999901950 -0.000475439 -0.013993056 -0.010128690 0.000550256 0.999985576 0.005343375 -0.007878961 0.013990314 -0.005350551 0.999887824 0.677576840
0.999880910 0.001450786 -0.015364182 -0.010343132 -0.001363699 0.999982953 0.005677143 -0.007319495 0.015372156 -0.005655515 0.999865830 0.731709659
0.999880075 0.001978074 -0.015357619 -0.011754017 -0.001889589 0.999981582 0.005773943 -0.008245287 0.015368756 -0.005744232 0.999865353 0.784030735
0.999861121 0.002373988 -0.016493825 -0.012165160 -0.002299995 0.999987125 0.004503626 -0.006687676 0.016504304 -0.004465064 0.999853849 0.843169034
0.999861240 0.002568610 -0.016458688 -0.013425725 -0.002467891 0.999978125 0.006136904 -0.008779905 0.016474094 -0.006095435 0.999845624 0.896396339
0.999864995 0.003500075 -0.016051413 -0.014523540 -0.003388355 0.999969900 0.006982050 -0.008887052 0.016075365 -0.006926720 0.999846697 0.952242434
0.999867558 0.003218123 -0.015946668 -0.015769800 -0.003115137 0.999974191 0.006478775 -0.010043895 0.015967106 -0.006428242 0.999851823 1.005992770
0.999856651 0.004661643 -0.016276028 -0.016540261 -0.004594930 0.999980927 0.004133879 -0.010227321 0.016294993 -0.004058499 0.999858916 1.057129264
0.999864697 0.003154572 -0.016143881 -0.018178778 -0.003088706 0.999986827 0.004103230 -0.010593832 0.016156614 -0.004052811 0.999861181 1.106888175
0.999872744 0.002239137 -0.015793648 -0.018510582 -0.002139066 0.999977529 0.006350214 -0.010866888 0.015807508 -0.006315622 0.999855101 1.163282633
0.999873996 -0.000477938 -0.015867429 -0.019685904 0.000594156 0.999972999 0.007320396 -0.011399557 0.015863497 -0.007328902 0.999847293 1.214475751
0.999873936 -0.000658351 -0.015860887 -0.020114100 0.000767567 0.999975979 0.006880750 -0.011900361 0.015855977 -0.006892058 0.999850571 1.267580986
0.999886751 0.000091470 -0.015050963 -0.021516118 -0.000011996 0.999986053 0.005280342 -0.012398962 0.015051237 -0.005279563 0.999872804 1.320867181
0.999894321 0.000631058 -0.014525425 -0.022156971 -0.000568618 0.999990582 0.004302414 -0.012864456 0.014528004 -0.004293700 0.999885261 1.371537209
0.999906003 0.001351905 -0.013642141 -0.023770003 -0.001300773 0.999992073 0.003756315 -0.013707601 0.013647111 -0.003738217 0.999899864 1.422244549
0.999924839 0.001798344 -0.012121623 -0.024879094 -0.001743290 0.999988079 0.004550930 -0.014077522 0.012129663 -0.004529457 0.999916196 1.472237706
0.999943614 0.001897599 -0.010440447 -0.026083965 -0.001824880 0.999973953 0.006970262 -0.014884401 0.010453403 -0.006950817 0.999921203 1.523748636
0.999958158 0.001867361 -0.008955844 -0.026379135 -0.001796109 0.999966741 0.007957453 -0.015546033 0.008970405 -0.007941035 0.999928236 1.572315216
0.999975026 0.001879420 -0.006818611 -0.026360404 -0.001819866 0.999960244 0.008729770 -0.016222451 0.006834746 -0.008717143 0.999938667 1.618645072
0.999992907 0.002433965 -0.002873613 -0.027774250 -0.002410597 0.999964237 0.008107402 -0.016715091 0.002893243 -0.008100417 0.999963045 1.664416432
0.999999404 0.001095604 0.000135881 -0.027318692 -0.001096453 0.999978840 0.006411654 -0.017059658 -0.000128854 -0.006411799 0.999979436 1.713814259
0.999992073 0.001140948 0.003824276 -0.027418416 -0.001157802 0.999989569 0.004407981 -0.017091665 -0.003819206 -0.004412374 0.999982953 1.760226488
0.999971092 0.000827606 0.007560688 -0.026568301 -0.000867917 0.999985456 0.005329863 -0.017758446 -0.007556167 -0.005336270 0.999957204 1.804996967
0.999912620 0.001432200 0.013140921 -0.026895568 -0.001501078 0.999985158 0.005233085 -0.018756788 -0.013133230 -0.005252353 0.999899924 1.852570534
0.999811411 0.002752583 0.019219212 -0.025772911 -0.002828042 0.999988377 0.003900190 -0.018917892 -0.019208256 -0.003953808 0.999807656 1.896933556
0.999618113 0.004751194 0.027219728 -0.025562085 -0.004857196 0.999980867 0.003829538 -0.019279733 -0.027201010 -0.003960288 0.999622166 1.940220118
0.999349535 0.005614911 0.035620734 -0.024485298 -0.005793252 0.999971211 0.004905410 -0.020104766 -0.035592165 -0.005108580 0.999353290 1.986713767
0.998911381 0.007606243 0.046023056 -0.023012176 -0.007888547 0.999951184 0.005955430 -0.021011028 -0.045975514 -0.006312002 0.998922646 2.029181242
0.998200834 0.009939171 0.059128739 -0.022008069 -0.010290024 0.999931276 0.005632165 -0.021183575 -0.059068687 -0.006230468 0.998234451 2.070224047
0.997188389 0.012193799 0.073936939 -0.018034309 -0.012663850 0.999902427 0.005891976 -0.021461133 -0.073857866 -0.006811737 0.997245491 2.117404699
0.995778024 0.015250275 0.090518862 -0.014883861 -0.015952248 0.999848008 0.007036535 -0.021844674 -0.090397790 -0.008450805 0.995869815 2.158977270
0.994012952 0.015443971 0.108165130 -0.011162564 -0.016368147 0.999836624 0.007661427 -0.021907534 -0.108029142 -0.009386021 0.994103372 2.196913242
0.991754591 0.014612148 0.127315655 -0.005720884 -0.015666367 0.999850750 0.007282872 -0.022947511 -0.127190232 -0.009217395 0.991835535 2.242379189
0.988951206 0.014036924 0.147575542 -0.000114322 -0.015122845 0.999866128 0.006238879 -0.023202434 -0.147468254 -0.008401708 0.989031136 2.281657457
0.985565066 0.010834861 0.168950021 0.005867898 -0.011966165 0.999912262 0.005679340 -0.023670167 -0.168873638 -0.007619043 0.985608220 2.319528818
0.981733978 0.005663163 0.190174580 0.014349580 -0.007335198 0.999940336 0.008089340 -0.024199836 -0.190117404 -0.009336548 0.981716990 2.362494946
0.976873100 0.000707570 0.213819161 0.022797525 -0.002804114 0.999950886 0.009502076 -0.024440622 -0.213801965 -0.009881895 0.976827025 2.402131796
0.971388221 -0.003452337 0.237471908 0.032214999 0.001394735 0.999960065 0.008832076 -0.024734775 -0.237492889 -0.008248167 0.971354365 2.438094378
0.965240717 -0.010319122 0.261158735 0.042617798 0.008705325 0.999935150 0.007335452 -0.025081966 -0.261217505 -0.004807006 0.965268016 2.472302914
0.957398474 -0.013935267 0.288433462 0.053180277 0.012135808 0.999894142 0.008026071 -0.025586164 -0.288514763 -0.004183778 0.957466245 2.512094498
0.949103057 -0.017631378 0.314471841 0.064877868 0.015187807 0.999832451 0.010219134 -0.025984829 -0.314599246 -0.004922873 0.949211776 2.544692516
0.938943923 -0.022025021 0.343364596 0.077541530 0.018690364 0.999740481 0.013018535 -0.026040643 -0.343562186 -0.005806063 0.939112067 2.582041502
0.927898169 -0.024177240 0.372049034 0.091953158 0.021069715 0.999700904 0.012416264 -0.025974968 -0.372238010 -0.003682062 0.928130031 2.618090630
0.915740311 -0.023795255 0.401065350 0.106016457 0.022128096 0.999716461 0.008788889 -0.026431298 -0.401160747 0.000826471 0.916007280 2.651103497
0.902677238 -0.024743963 0.429606199 0.122396529 0.025835462 0.999660790 0.003292516 -0.026436625 -0.429541945 0.008126994 0.903010309 2.683970690
0.888106048 -0.026682593 0.458863527 0.138542295 0.029556232 0.999562740 0.000919359 -0.026896914 -0.458687365 0.012745788 0.888506234 2.716563702
0.872610092 -0.026887104 0.487677038 0.156252027 0.028220698 0.999591053 0.004614623 -0.027576387 -0.487601697 0.009735820 0.873011887 2.747259617
0.855230391 -0.026025925 0.517594099 0.176618218 0.025078857 0.999646544 0.008826463 -0.026423348 -0.517640769 0.005432007 0.855580747 2.779366016
0.835932434 -0.026867459 0.548174262 0.195404410 0.023738582 0.999636233 0.012794906 -0.027154975 -0.548318744 0.002317204 0.836266160 2.806831837
0.813748896 -0.020989653 0.580837369 0.213158131 0.019728335 0.999769270 0.008489296 -0.027951749 -0.580881655 0.004550797 0.813975334 2.835902929
0.791134179 -0.014376472 0.611473620 0.234024763 0.016818879 0.999857068 0.001747301 -0.028674662 -0.611411273 0.008901952 0.791262925 2.865398884
0.770258546 -0.011284927 0.637631774 0.259100199 0.015913909 0.999872148 -0.001528066 -0.027677119 -0.637532949 0.011324220 0.770339787 2.891197681
0.746355116 -0.013445701 0.665412068 0.281471968 0.016677730 0.999859691 0.001497275 -0.027902894 -0.665338874 0.009980062 0.746474802 2.917633057
0.722299814 -0.014206192 0.691434205 0.306463242 0.017161746 0.999849260 0.002615036 -0.028979279 -0.691367149 0.009977377 0.722434700 2.942924500
0.697130322 -0.012435095 0.716836691 0.331829071 0.018069658 0.999836624 -0.000228560 -0.029288365 -0.716716647 0.013112327 0.697241068 2.966990471
0.670953214 -0.009976608 0.741432488 0.356849790 0.017550319 0.999843061 -0.002428271 -0.030104782 -0.741291940 0.014641632 0.671022952 2.989651203
0.643783689 -0.007261374 0.765173078 0.383172274 0.015641805 0.999870896 -0.003671722 -0.030213548 -0.765047550 0.014332481 0.643814206 3.012070894
0.615897954 -0.006195987 0.787801564 0.410431504 0.015676161 0.999867558 -0.004391649 -0.031397458 -0.787670016 0.015054511 0.615913451 3.032950878
0.587485671 0.000217276 0.809234619 0.438588500 0.014319211 0.999840617 -0.010663867 -0.031931348 -0.809107959 0.017852467 0.587388813 3.053141117
0.556407630 0.009885310 0.830850661 0.467712760 0.013620021 0.999686360 -0.021015197 -0.031998012 -0.830797851 0.023009216 0.556098461 3.074913502
0.525795221 0.018376559 0.850412667 0.496698022 0.012534732 0.999490678 -0.029347982 -0.032814737 -0.850518942 0.026090723 0.525296926 3.092494011
0.493598044 0.023041170 0.869384825 0.528249741 0.009946625 0.999433994 -0.032135088 -0.034215257 -0.869633257 0.024509266 0.493089497 3.111420155
0.462295473 0.022166900 0.886448920 0.560221195 0.007668553 0.999550045 -0.028994415 -0.035981171 -0.886692762 0.020201767 0.461917520 3.126651525
0.427733779 0.021372547 0.903652012 0.592326045 0.003161032 0.999678969 -0.025139946 -0.036994398 -0.903899252 0.013609676 0.427528858 3.144032478
0.393647373 0.023352398 0.918964863 0.625393391 0.000088757 0.999676347 -0.025441427 -0.036771551 -0.919261575 0.010096514 0.393517852 3.158314228
0.357822835 0.026165497 0.933422804 0.659107506 -0.007533814 0.999655724 -0.025134072 -0.038517736 -0.933759153 0.001961312 0.357896686 3.172637224
0.322390795 0.027413035 0.946209669 0.693415761 -0.012889296 0.999615192 -0.024568640 -0.040493559 -0.946518898 -0.004275272 0.322620034 3.184511185
0.286513388 0.026686750 0.957704544 0.729153633 -0.015424469 0.999611020 -0.023239998 -0.041737150 -0.957952023 -0.008113511 0.286813587 3.195708275
0.249392778 0.026584689 0.968037426 0.764784455 -0.016581239 0.999593735 -0.023179526 -0.042818174 -0.968260467 -0.010270453 0.249732345 3.205712318
0.213629037 0.025971325 0.976569593 0.800913930 -0.016027333 0.999605119 -0.023077896 -0.044112358 -0.976783454 -0.010721697 0.213960990 3.213687420
0.179036245 0.024230121 0.983544052 0.838013053 -0.013368034 0.999664307 -0.022193843 -0.045246951 -0.983751714 -0.009174550 0.179300055 3.219703913
0.143815666 0.023690470 0.989320874 0.875811338 -0.005529815 0.999717057 -0.023135560 -0.046491206 -0.989588976 -0.002143505 0.143905967 3.225352287
0.110515743 0.027860058 0.993483841 0.913934290 -0.004180025 0.999611259 -0.027566902 -0.047397476 -0.993865550 -0.001106211 0.110589236 3.228833199
0.077333793 0.032176666 0.996485889 0.952106416 -0.002895274 0.999482095 -0.032048721 -0.049131740 -0.997001052 -0.000406651 0.077386916 3.232687235
0.047989242 0.035800602 0.998206079 0.989979148 0.004629104 0.999338806 -0.036063775 -0.050772883 -0.998837173 0.006351473 0.047791786 3.234602928
0.022632584 0.033982668 0.999166131 1.029361129 0.005989502 0.999399543 -0.034126282 -0.052357398 -0.999725938 0.006756875 0.022415452 3.235280752
0.000860063 0.031146782 0.999514461 1.068803072 0.007335211 0.999487698 -0.031152261 -0.053743839 -0.999972761 0.007358443 0.000631152 3.235286951
-0.018743280 0.028604839 0.999415040 1.107748508 0.008075917 0.999562383 -0.028457595 -0.055298168 -0.999791741 0.007537805 -0.018966086 3.234797239
-0.035818417 0.031905469 0.998848855 1.147553325 0.009843918 0.999453008 -0.031571764 -0.056829125 -0.999309897 0.008701737 -0.036112905 3.233956337
-0.049220771 0.036045622 0.998137295 1.186645269 0.012738727 0.999289870 -0.035459079 -0.058330540 -0.998706639 0.010969675 -0.049644999 3.230864048
-0.061056156 0.040964901 0.997293472 1.225247145 0.017684847 0.999044955 -0.039954159 -0.060176365 -0.997977614 0.015197534 -0.061722312 3.228134632
-0.069906339 0.044883035 0.996543288 1.265352249 0.023178849 0.998790681 -0.043358281 -0.061598510 -0.997284234 0.020067709 -0.070862144 3.225173235
-0.075904354 0.049970537 0.995862126 1.304536581 0.026954437 0.998481333 -0.048047498 -0.063978180 -0.996750653 0.023195889 -0.077136002 3.222022533
-0.079061113 0.055249799 0.995337486 1.343537211 0.029372258 0.998158514 -0.053073306 -0.065640047 -0.996436954 0.025039278 -0.080538340 3.218704939
-0.082349688 0.059136961 0.994847357 1.382728934 0.031272035 0.997899652 -0.056729816 -0.067938060 -0.996112764 0.026439225 -0.084026046 3.215451241
-0.084816799 0.062071957 0.994461119 1.423130155 0.031732894 0.997719705 -0.059568875 -0.070769399 -0.995891154 0.026504695 -0.086593106 3.212054014
-0.087137930 0.065808356 0.994020224 1.462851524 0.033619996 0.997441590 -0.063087665 -0.073025405 -0.995628774 0.027921636 -0.089127474 3.208582640
-0.089167416 0.069212757 0.993608892 1.502294302 0.034098540 0.997210026 -0.066403568 -0.076229841 -0.995432734 0.027959576 -0.091278687 3.204677582
-0.091462567 0.070520155 0.993308306 1.541774988 0.037116900 0.997037590 -0.067367233 -0.079148985 -0.995116532 0.030706950 -0.093809113 3.201028585
-0.093704849 0.069381230 0.993179440 1.583235264 0.036640078 0.997133315 -0.066200502 -0.082107909 -0.994925499 0.030186869 -0.095978364 3.197398901
-0.095611297 0.069349989 0.993000031 1.622989178 0.035789870 0.997164667 -0.066194788 -0.084709816 -0.994775057 0.029210374 -0.097822241 3.193452120
-0.098129414 0.070623495 0.992664576 1.663938999 0.035544824 0.997090936 -0.067424640 -0.087623894 -0.994538665 0.028667746 -0.100354239 3.189169884
-0.100225054 0.073078178 0.992277503 1.703836441 0.034517542 0.996953964 -0.069936164 -0.090500645 -0.994365811 0.027241619 -0.102442250 3.185332775
-0.103147916 0.074571058 0.991866767 1.744163752 0.033108484 0.996890545 -0.071505703 -0.094050087 -0.994114876 0.025463540 -0.105296120 3.181400776
-0.104928412 0.078481883 0.991378129 1.784655333 0.031073233 0.996653199 -0.075610660 -0.097051874 -0.993994176 0.022871615 -0.107015915 3.176352024
-0.108193055 0.082404159 0.990708888 1.825322032 0.027633538 0.996422827 -0.079861648 -0.100453116 -0.993745744 0.018736318 -0.110083155 3.173189163
-0.110522941 0.085258968 0.990209937 1.866180420 0.025569191 0.996227860 -0.082923204 -0.103567906 -0.993544638 0.016153954 -0.112286031 3.168367863
-0.113891423 0.083581060 0.989971161 1.908090115 0.023055680 0.996408939 -0.081472114 -0.107124247 -0.993225634 0.013545484 -0.115409449 3.164407969
-0.116723724 0.079391897 0.989986122 1.950011969 0.020468326 0.996780396 -0.077523455 -0.110577941 -0.992953479 0.011214531 -0.117972925 3.159657955
-0.119029939 0.078195244 0.989806712 1.991727948 0.021076472 0.996868491 -0.076218545 -0.113724448 -0.992666960 0.011789344 -0.120305255 3.154837608
-0.121556856 0.078822412 0.989449918 2.032791615 0.020593895 0.996827722 -0.076880120 -0.116971515 -0.992370725 0.011031319 -0.122794501 3.150156260
-0.121899009 0.081154637 0.989219189 2.076107502 0.020368896 0.996646345 -0.079253927 -0.120774411 -0.992333591 0.010488327 -0.123143241 3.143735647
-0.122625470 0.084135577 0.988880277 2.117085457 0.021014821 0.996396840 -0.082169183 -0.124637187 -0.992230475 0.010705111 -0.123951726 3.138982534
-0.122653075 0.085084029 0.988795638 2.159928799 0.018759545 0.996339023 -0.083406150 -0.128018737 -0.992272198 0.008319336 -0.123800181 3.133724928
-0.122521617 0.083016045 0.988987744 2.199792385 0.017891373 0.996518314 -0.081431679 -0.132243529 -0.992304623 0.007717208 -0.123580292 3.128523827
-0.123509005 0.082047597 0.988945723 2.243721008 0.012784832 0.996624887 -0.081088021 -0.136307865 -0.992261112 0.002628406 -0.124141142 3.124455452
-0.121515445 0.082270451 0.989174187 2.285794497 0.009150695 0.996609688 -0.081764750 -0.140598401 -0.992547452 -0.000884048 -0.121856272 3.116676569
-0.123635165 0.082725175 0.988873541 2.328541756 0.004351340 0.996554732 -0.082823731 -0.144234166 -0.992318213 -0.005937000 -0.123569176 3.114141464
-0.123898692 0.082558915 0.988854468 2.371648788 0.001807410 0.996550143 -0.082974963 -0.147619575 -0.992293239 -0.008493224 -0.123620473 3.109241009
-0.124465778 0.077800184 0.989168942 2.414489985 0.002114730 0.996939838 -0.078145280 -0.150935456 -0.992221713 -0.007634589 -0.124249414 3.104205608
-0.124733999 0.068773143 0.989803791 2.458798409 0.005499488 0.997627437 -0.068623692 -0.154877201 -0.992174983 -0.003116295 -0.124816284 3.098709345
-0.125306934 0.063095823 0.990109622 2.502153158 0.010766956 0.998003364 -0.062236201 -0.158344358 -0.992059588 0.002861840 -0.125736117 3.093607903
-0.123853862 0.066031389 0.990101039 2.545512915 0.019568145 0.997752130 -0.064093813 -0.161088362 -0.992107511 0.011436176 -0.124867566 3.087459803
-0.122230150 0.071434580 0.989927709 2.589166403 0.025225833 0.997307837 -0.068852402 -0.164233103 -0.992181242 0.016555915 -0.123703085 3.081358433
-0.121822581 0.077254593 0.989540815 2.632282019 0.029243484 0.996812820 -0.074222162 -0.167434961 -0.992120981 0.019895688 -0.123693511 3.076099157
-0.120615944 0.081584498 0.989341021 2.676207304 0.030132987 0.996458769 -0.078497767 -0.170788437 -0.992241800 0.020343721 -0.122647204 3.070278406
-0.121293470 0.078245543 0.989527941 2.719847202 0.026828518 0.996782422 -0.075530633 -0.174751937 -0.992254078 0.017386196 -0.123002425 3.065636635
-0.121398248 0.073601209 0.989871442 2.764049530 0.026501767 0.997131884 -0.070890881 -0.178405821 -0.992250025 0.017627310 -0.123000644 3.060231209
-0.121157460 0.072203636 0.990003765 2.808369160 0.024656994 0.997262120 -0.069715455 -0.181277096 -0.992327034 0.015963970 -0.122606069 3.055180550
-0.121213868 0.073085323 0.989932179 2.852435589 0.022063656 0.997237742 -0.070923060 -0.184154212 -0.992381215 0.013244667 -0.122491561 3.050020695
-0.121266849 0.078076810 0.989544511 2.897084236 0.024491781 0.996833563 -0.075650521 -0.188204288 -0.992317855 0.015061808 -0.122795105 3.045049429
-0.119953059 0.080197670 0.989535034 2.941390753 0.024643937 0.996665239 -0.077788167 -0.192168385 -0.992473602 0.015055111 -0.121529453 3.038999557
-0.119962238 0.079016611 0.989628911 2.987058163 0.023999481 0.996767044 -0.076677345 -0.195976526 -0.992488325 0.014552192 -0.121470772 3.033779860
-0.119924828 0.071978852 0.990170240 3.030695438 0.026368733 0.997247338 -0.069299646 -0.199802637 -0.992432654 0.017798783 -0.121492729 3.029067993
-0.120924093 0.071008608 0.990118742 3.077759743 0.024831479 0.997342467 -0.068493985 -0.202769116 -0.992351115 0.016303539 -0.122365981 3.023645639
-0.121140145 0.073525086 0.989908636 3.123099089 0.023137759 0.997191191 -0.071234509 -0.206659973 -0.992365718 0.014274906 -0.122501068 3.019008398
-0.119800240 0.076692387 0.989831388 3.169458866 0.021543076 0.996977925 -0.074638739 -0.210018396 -0.992564261 0.012382272 -0.121090397 3.012439728
-0.119504362 0.076102220 0.989912748 3.215519667 0.020986483 0.997028887 -0.074115753 -0.213444427 -0.992611825 0.011917630 -0.120746411 3.006877184
