0.999996424 -0.002371766 -0.001239124 -0.000345044 0.002375562 0.999992490 0.003071379 -0.000883612 0.001231830 -0.003074312 0.999994516 0.058472916
0.999993742 -0.002554273 -0.002418605 -0.001035475 0.002564179 0.999988317 0.004101447 -0.001658508 0.002408100 -0.004107623 0.999988616 0.116395205
0.999991119 -0.001369392 -0.003989127 -0.001682350 0.001383460 0.999992847 0.003525706 -0.001962809 0.003984270 -0.003531193 0.999985814 0.174279213
0.999986112 -0.000698753 -0.005208913 -0.002393237 0.000718274 0.999992728 0.003746649 -0.002876916 0.005206258 -0.003750339 0.999979377 0.232240632
0.999975383 -0.000470113 -0.006999066 -0.002778219 0.000496312 0.999992788 0.003741891 -0.003297210 0.006997257 -0.003745273 0.999968529 0.290118366
0.999968410 -0.000924635 -0.007896536 -0.003873336 0.000957604 0.999990761 0.004172386 -0.003863495 0.007892606 -0.004179816 0.999960184 0.349342972
0.999947727 -0.002641843 -0.009877631 -0.004662493 0.002674172 0.999991059 0.003261201 -0.004545117 0.009868929 -0.003287446 0.999945879 0.404110491
0.999915659 -0.004689494 -0.012112941 -0.005218582 0.004736796 0.999981284 0.003879352 -0.005034040 0.012094521 -0.003936401 0.999919176 0.463247985
0.999918759 -0.003087858 -0.012366548 -0.006371768 0.003132238 0.999988675 0.003571011 -0.005893623 0.012355383 -0.003609456 0.999917090 0.517779171
0.999923289 -0.002520428 -0.012130061 -0.008294496 0.002558998 0.999991715 0.003165268 -0.006487312 0.012121982 -0.003196066 0.999921381 0.574981928
0.999903023 -0.001223947 -0.013867962 -0.008379411 0.001287334 0.999988675 0.004562755 -0.007300922 0.013862223 -0.004580165 0.999893427 0.629966974
0.999890327 -0.001087326 -0.014764350 -0.009404849 0.001169892 0.999983728 0.005584738 -0.008045629 0.014758039 -0.005601399 0.999875367 0.688198805
0.999885201 0.001404759 -0.015085706 -0.010517117 -0.001319063 0.999982953 0.005689025 -0.007632320 0.015093441 -0.005668473 0.999869943 0.742299974
0.999873519 0.000946399 -0.015873445 -0.011521621 -0.000870279 0.999988139 0.004801671 -0.007422384 0.015877802 -0.004787249 0.999862432 0.799561322
0.999867797 0.002023123 -0.016132820 -0.012626170 -0.001938967 0.999984443 0.005230417 -0.007904404 0.016143152 -0.005198445 0.999856114 0.852765858
0.999859691 0.001391446 -0.016691852 -0.012619302 -0.001296377 0.999982893 0.005704958 -0.008481074 0.016699508 -0.005682520 0.999844372 0.909790337
0.999864399 0.002924548 -0.016207008 -0.013854593 -0.002814788 0.999972939 0.006791088 -0.008897456 0.016226431 -0.006744548 0.999845624 0.964382946
0.999861121 0.003713616 -0.016246341 -0.015497409 -0.003617311 0.999975741 0.005953112 -0.009711829 0.016268054 -0.005893519 0.999850214 1.016187072
0.999849856 0.004236136 -0.016804928 -0.016140377 -0.004183241 0.999986231 0.003181440 -0.009312021 0.016818171 -0.003110664 0.999853671 1.068766475
0.999875188 0.002441196 -0.015610401 -0.017588627 -0.002386942 0.999991059 0.003493200 -0.010401929 0.015618788 -0.003455502 0.999872029 1.123608828
0.999879122 0.001613613 -0.015467511 -0.018361531 -0.001516326 0.999979079 0.006299418 -0.011207210 0.015477352 -0.006275202 0.999860466 1.177612901
0.999877512 0.000545378 -0.015642080 -0.018829059 -0.000424403 0.999970019 0.007736180 -0.011863951 0.015645832 -0.007728594 0.999847710 1.230322480
0.999885499 -0.000596154 -0.015118495 -0.020513037 0.000702160 0.999975204 0.007007319 -0.012274078 0.015113941 -0.007017131 0.999861181 1.283169627
0.999885023 -0.000103513 -0.015162324 -0.020901822 0.000171206 0.999989986 0.004463337 -0.012263484 0.015161711 -0.004465419 0.999875069 1.335159183
0.999907672 0.000206050 -0.013584374 -0.024038630 -0.000155963 0.999993145 0.003688033 -0.012787223 0.013585041 -0.003685573 0.999900877 1.384387851
0.999911070 0.001116044 -0.013288278 -0.023137193 -0.001074026 0.999994338 0.003168793 -0.013825063 0.013291742 -0.003154239 0.999906659 1.437650561
0.999925911 0.001969494 -0.012007925 -0.023940375 -0.001920249 0.999989688 0.004111168 -0.014258752 0.012015898 -0.004087806 0.999919415 1.488017201
0.999941826 0.002286120 -0.010534874 -0.024231713 -0.002222621 0.999979258 0.006035261 -0.014869001 0.010548453 -0.006011495 0.999926209 1.538742781
0.999960601 0.001976902 -0.008647033 -0.025824130 -0.001915065 0.999972582 0.007153673 -0.015322773 0.008660938 -0.007136832 0.999936998 1.587268353
0.999979019 0.001919007 -0.006190608 -0.025568224 -0.001870143 0.999967098 0.007889523 -0.015979249 0.006205545 -0.007877780 0.999949694 1.634758711
0.999995410 0.001346152 -0.002727389 -0.026162583 -0.001326631 0.999973595 0.007146527 -0.016593104 0.002736938 -0.007142876 0.999970734 1.681883693
0.999998450 0.001521053 0.000906425 -0.027021497 -0.001526060 0.999983430 0.005549429 -0.016846865 -0.000897969 -0.005550804 0.999984145 1.729778647
0.999991894 0.000811619 0.003932155 -0.026673090 -0.000824868 0.999993920 0.003369113 -0.017146245 -0.003929396 -0.003372329 0.999986589 1.774919987
0.999970138 0.000107617 0.007726958 -0.026363617 -0.000145709 0.999987841 0.004929460 -0.018738393 -0.007726335 -0.004930439 0.999957979 1.816681027
0.999901056 0.001677682 0.013962673 -0.026762420 -0.001738466 0.999989033 0.004342281 -0.018757507 -0.013955233 -0.004366126 0.999893010 1.866821766
0.999783993 0.003171627 0.020540196 -0.026201189 -0.003235320 0.999990046 0.003068388 -0.019063890 -0.020530261 -0.003134180 0.999784291 1.911113381
0.999584019 0.005049001 0.028397726 -0.025883984 -0.005140951 0.999981701 0.003165841 -0.019678641 -0.028381221 -0.003310515 0.999591649 1.954016447
0.999316633 0.005774425 0.036508579 -0.024215683 -0.005931403 0.999973595 0.004192908 -0.020336185 -0.036483403 -0.004406589 0.999324560 2.001002550
0.998853803 0.008121441 0.047170732 -0.022771716 -0.008368230 0.999952197 0.005036729 -0.021029480 -0.047127575 -0.005425692 0.998874187 2.043402433
0.998163342 0.010310531 0.059696510 -0.020309828 -0.010610806 0.999932528 0.004715217 -0.020994842 -0.059643865 -0.005339985 0.998205543 2.086497307
0.997086048 0.012516543 0.075251192 -0.017981797 -0.012915401 0.999904990 0.004816020 -0.021258604 -0.075183764 -0.005773886 0.997153044 2.128838062
0.995744228 0.014540087 0.091006875 -0.014215350 -0.015213319 0.999861777 0.006708226 -0.022607617 -0.090896785 -0.008064193 0.995827675 2.172718525
0.993924737 0.015304128 0.108992293 -0.010741919 -0.016240820 0.999838352 0.007711555 -0.023199605 -0.108856641 -0.009434829 0.994012713 2.212288618
0.991614103 0.014090141 0.128464505 -0.006055683 -0.015141345 0.999859393 0.007209829 -0.024461169 -0.128344864 -0.009094492 0.991687953 2.252509117
0.988842189 0.013437161 0.148359358 0.000385731 -0.014408084 0.999881208 0.005471563 -0.023711802 -0.148268208 -0.007548087 0.988918364 2.296938896
0.985507071 0.010081599 0.169334546 0.006747127 -0.011239918 0.999919534 0.005883224 -0.024648651 -0.169261590 -0.007701266 0.985541105 2.335758448
0.981661379 0.004731730 0.190574095 0.014490455 -0.006287127 0.999951661 0.007557850 -0.024557373 -0.190529108 -0.008617413 0.981643736 2.373151064
0.976689875 -0.000037020 0.214655206 0.022647053 -0.001852066 0.999961436 0.008599436 -0.024735980 -0.214647219 -0.008796537 0.976652026 2.414541245
0.971264780 -0.004993626 0.237949282 0.032138407 0.003135269 0.999961615 0.008187703 -0.024996590 -0.237981036 -0.007206394 0.971243024 2.451244354
0.964536786 -0.011138367 0.263713181 0.042028129 0.009732174 0.999930680 0.006638105 -0.025901418 -0.263768822 -0.003836194 0.964578331 2.489326239
0.957077146 -0.014793144 0.289455295 0.053355277 0.013356211 0.999886692 0.006939038 -0.025809353 -0.289525211 -0.002775168 0.957166314 2.525387764
0.948388040 -0.017439982 0.316631883 0.065365434 0.015424498 0.999841630 0.008870892 -0.025750360 -0.316736460 -0.003529160 0.948506951 2.561178923
0.938640237 -0.021797959 0.344208091 0.078140438 0.018715722 0.999749422 0.012275037 -0.026588203 -0.344389409 -0.005079741 0.938813150 2.596027613
0.927751422 -0.024626946 0.372385114 0.092299640 0.021784473 0.999692559 0.011839338 -0.026748773 -0.372562170 -0.002871749 0.928002834 2.630282402
0.915289283 -0.023757288 0.402095646 0.107021034 0.022546835 0.999715745 0.007743572 -0.026738849 -0.402165383 0.001978376 0.915564895 2.665435076
0.902498722 -0.025532262 0.429935098 0.122135997 0.026914058 0.999633551 0.002867891 -0.027565815 -0.429850817 0.008983029 0.902855217 2.694950104
0.888131738 -0.027151203 0.458786368 0.138416529 0.030515445 0.999534249 0.000080257 -0.027342385 -0.458574951 0.013928792 0.888546586 2.727232695
0.872525871 -0.027967880 0.487766743 0.156915903 0.030118397 0.999540389 0.003435954 -0.027989293 -0.487638652 0.011692793 0.872967243 2.759418249
0.854756355 -0.026935937 0.518330216 0.175271153 0.025975034 0.999621034 0.009112737 -0.028200658 -0.518379271 0.005674475 0.855131984 2.789446354
0.835403740 -0.027520107 0.548947394 0.195101500 0.024518276 0.999617398 0.012800717 -0.028668709 -0.549089670 0.002765478 0.835758865 2.818757057
0.814087093 -0.021314654 0.580351532 0.214710951 0.020438725 0.999758661 0.008047899 -0.029011991 -0.580383062 0.005309952 0.814326406 2.847192287
0.792097867 -0.014268825 0.610227227 0.236431718 0.017327672 0.999849439 0.000887316 -0.029324492 -0.610148013 0.009870975 0.792225838 2.875504017
0.769556701 -0.011323440 0.638478100 0.258570552 0.016564479 0.999860227 -0.002232571 -0.028165912 -0.638363659 0.012294148 0.769636750 2.902657509
0.745752037 -0.014043991 0.666075587 0.281383038 0.017594539 0.999844134 0.001382182 -0.029098867 -0.665991247 0.010688530 0.745882988 2.928849697
0.721751988 -0.014089165 0.692008436 0.305960178 0.018016661 0.999836445 0.001565441 -0.029173955 -0.691917360 0.011337820 0.721887827 2.953794003
0.695565164 -0.012256025 0.718358457 0.330373168 0.018426120 0.999829888 -0.000783211 -0.030288655 -0.718226671 0.013781333 0.695672691 2.979061842
0.669173241 -0.009939504 0.743039966 0.355800509 0.018561346 0.999822140 -0.003341705 -0.030421861 -0.742874563 0.016028002 0.669238746 3.002114296
0.642239511 -0.007904667 0.766463280 0.382942080 0.016725846 0.999853253 -0.003703366 -0.031532362 -0.766321480 0.015198193 0.642277539 3.024750948
0.614046693 -0.006206113 0.789245367 0.410536885 0.016702097 0.999847293 -0.005132374 -0.031973504 -0.789092898 0.016333573 0.614056587 3.046452761
0.585122883 0.000495430 0.810944438 0.437749982 0.015137807 0.999818921 -0.011533239 -0.032467708 -0.810803354 0.019024285 0.585009336 3.066522837
0.554379523 0.009818004 0.832206070 0.466346622 0.014143835 0.999674976 -0.021215737 -0.033064999 -0.832143784 0.023532160 0.554060400 3.086736679
0.524348378 0.018187834 0.851309538 0.496344805 0.013021211 0.999483705 -0.029373679 -0.034271792 -0.851404250 0.026487123 0.523840845 3.103970051
0.492442995 0.023431011 0.870029271 0.526729584 0.010391585 0.999408007 -0.032797061 -0.034998883 -0.870282650 0.025191665 0.491907924 3.121486902
0.460466802 0.022623165 0.887388527 0.558564067 0.009012112 0.999504566 -0.030157851 -0.036295272 -0.887631178 0.021883937 0.460034698 3.137666464
0.426998854 0.021706814 0.903991580 0.590665221 0.004028747 0.999656260 -0.025906898 -0.037493251 -0.904243171 0.014704171 0.426764607 3.153218746
0.393090874 0.022764800 0.919217765 0.623721719 -0.000049489 0.999694109 -0.024736660 -0.038776867 -0.919499695 0.009678266 0.392971754 3.167194605
0.357383132 0.025633289 0.933606029 0.656551957 -0.006691874 0.999667823 -0.024885455 -0.040075939 -0.933933914 0.002646069 0.357436001 3.181042433
0.321615219 0.027704934 0.946465075 0.691096783 -0.011792896 0.999611497 -0.025253326 -0.041135088 -0.946797073 -0.003039711 0.321817070 3.193006277
0.285641164 0.026982650 0.957956731 0.726385355 -0.014379983 0.999611676 -0.023868155 -0.042412583 -0.958228827 -0.006957676 0.285918206 3.204187155
0.248681486 0.026740115 0.968216240 0.761762559 -0.015099255 0.999604344 -0.023728831 -0.043438762 -0.968467593 -0.008718422 0.248986885 3.213980675
0.212873593 0.026165394 0.976729333 0.797949851 -0.013982307 0.999620557 -0.023731245 -0.044359695 -0.976979673 -0.008605173 0.213158712 3.221682787
0.177742407 0.024730453 0.983766258 0.834634542 -0.012176466 0.999662936 -0.022930086 -0.045890961 -0.984001815 -0.007903146 0.177983642 3.228256226
0.143326342 0.023712100 0.989391387 0.872229099 -0.003746576 0.999718785 -0.023416867 -0.047205791 -0.989668369 -0.000350576 0.143374890 3.233304262
0.109146848 0.027273504 0.993651390 0.909151316 -0.001692658 0.999627173 -0.027251596 -0.048522882 -0.994024217 0.001292514 0.109152317 3.237703800
0.076986119 0.031952512 0.996520042 0.947491169 -0.000363411 0.999487162 -0.032019574 -0.050072365 -0.997032106 0.002102916 0.076958239 3.240722895
0.047599155 0.035964154 0.998218834 0.985260725 0.006242784 0.999321401 -0.036301564 -0.051473010 -0.998846948 0.007959585 0.047342334 3.242117167
0.023059756 0.034266394 0.999146700 1.023781776 0.008269546 0.999371767 -0.034464970 -0.052858457 -0.999699831 0.009057241 0.022761900 3.242088795
0.000042987 0.031121410 0.999515712 1.062280178 0.009970715 0.999465883 -0.031120293 -0.054455452 -0.999950290 0.009967223 -0.000267339 3.243012667
-0.018791795 0.028514342 0.999416649 1.100666046 0.009861902 0.999549925 -0.028332710 -0.055918247 -0.999774814 0.009323725 -0.019064544 3.242244244
-0.035569109 0.031890359 0.998858273 1.139178753 0.012224770 0.999429822 -0.031473290 -0.057326980 -0.999292493 0.011091337 -0.035938680 3.240994453
-0.050363567 0.036371507 0.998068452 1.178844571 0.013660595 0.999268234 -0.035725899 -0.058645800 -0.998637497 0.011834926 -0.050823562 3.238986254
-0.062226735 0.041877620 0.997183144 1.217823863 0.017640119 0.999009371 -0.040853526 -0.059979808 -0.997906089 0.015048247 -0.062903821 3.236112356
-0.071274653 0.045104571 0.996436417 1.256116271 0.023167849 0.998782337 -0.043553576 -0.062146574 -0.997187614 0.019981021 -0.072232850 3.233719826
-0.077350862 0.050163973 0.995741129 1.295826674 0.026595615 0.998481810 -0.048236050 -0.064668886 -0.996649146 0.022751248 -0.078567587 3.230323553
-0.080779769 0.054917686 0.995217860 1.334209085 0.028597424 0.998197556 -0.052760918 -0.066858396 -0.996321619 0.024198657 -0.082204692 3.227009296
-0.083471403 0.059344016 0.994741559 1.375687242 0.030484596 0.997910082 -0.056974996 -0.069035195 -0.996043801 0.025568517 -0.085106045 3.223314762
-0.085966736 0.062064994 0.994362950 1.413582444 0.031008942 0.997740865 -0.059594981 -0.071827814 -0.995815337 0.025710955 -0.087697111 3.220097303
-0.088219933 0.065529488 0.993943155 1.455125690 0.032810763 0.997483432 -0.062850684 -0.074532889 -0.995560467 0.027067343 -0.090148009 3.216124535
-0.089991227 0.069218859 0.993534207 1.494580150 0.033153482 0.997237206 -0.066473901 -0.077606224 -0.995390594 0.026957048 -0.092037447 3.212352514
-0.092171513 0.070761971 0.993225574 1.533975124 0.036887437 0.997029722 -0.067609832 -0.080126852 -0.995059669 0.030405847 -0.094507985 3.208513260
-0.094424978 0.069373704 0.993111908 1.575020909 0.036926277 0.997126579 -0.066143222 -0.083375446 -0.994846940 0.030426351 -0.096715361 3.204667091
-0.096849129 0.069250062 0.992887080 1.616060495 0.035901014 0.997170389 -0.066046931 -0.086088151 -0.994651437 0.029249055 -0.099061243 3.201172352
-0.098737955 0.069896184 0.992655575 1.656430364 0.036924824 0.997100532 -0.066536307 -0.089678779 -0.994428277 0.030083977 -0.101032555 3.196468115
-0.101399988 0.072122335 0.992228031 1.695572019 0.035245359 0.997002959 -0.068867557 -0.092541099 -0.994221210 0.027988264 -0.103638075 3.192603588
-0.104299128 0.074236721 0.991771460 1.737253070 0.033791739 0.996899009 -0.071066827 -0.095713019 -0.993971705 0.026101474 -0.106484286 3.188725710
-0.106122039 0.077358037 0.991339505 1.777599335 0.031876720 0.996721387 -0.074365646 -0.099261872 -0.993842065 0.023708817 -0.108240016 3.183799028
-0.108993992 0.081525490 0.990693748 1.817952752 0.028559862 0.996476531 -0.078859277 -0.102390952 -0.993632078 0.019698888 -0.110938318 3.180159330
-0.111542143 0.084602527 0.990151882 1.860307455 0.025868544 0.996279061 -0.082211927 -0.105381839 -0.993422985 0.016443694 -0.113315649 3.175602674
-0.114359431 0.083375610 0.989934564 1.902001023 0.023405978 0.996421337 -0.081218049 -0.108658470 -0.993163645 0.013882335 -0.115901671 3.170866966
-0.118594892 0.079251811 0.989774883 1.941669583 0.020618424 0.996791303 -0.077343114 -0.111743070 -0.992728591 0.011235104 -0.119848408 3.167525530
-0.119973503 0.077553503 0.989743233 1.985698462 0.021394722 0.996914566 -0.075522035 -0.115600504 -0.992546558 0.012114642 -0.121262550 3.161405802
-0.121453196 0.077486292 0.989568055 2.026340485 0.022197943 0.996911049 -0.075336851 -0.119425476 -0.992348969 0.012816474 -0.122798070 3.155793428
-0.122790098 0.079857692 0.989214480 2.069522858 0.022281563 0.996727884 -0.077698462 -0.123188041 -0.992182553 0.012500642 -0.124167666 3.150519609
-0.123115122 0.083878346 0.988841295 2.112307549 0.022714935 0.996398807 -0.081691295 -0.125767738 -0.992132425 0.012404032 -0.124577060 3.144715548
-0.123436369 0.084669717 0.988733888 2.154446125 0.021646656 0.996346056 -0.082619168 -0.129322082 -0.992116392 0.011204571 -0.124818169 3.140376329
-0.123646721 0.083675101 0.988792121 2.196303606 0.019574966 0.996450305 -0.081875347 -0.132551730 -0.992133200 0.009231956 -0.124845758 3.135239840
-0.123015419 0.082976379 0.988929808 2.237937927 0.014766708 0.996541202 -0.081778139 -0.136571288 -0.992294908 0.004543265 -0.123815209 3.129392624
-0.123669229 0.083307751 0.988820374 2.282329082 0.010728911 0.996523798 -0.082614914 -0.141313925 -0.992265522 0.000392043 -0.124133132 3.125650167
-0.124020904 0.084508471 0.988674343 2.325405598 0.006575668 0.996414959 -0.084345229 -0.144114956 -0.992257774 -0.003959377 -0.124131970 3.120977879
-0.124059871 0.083192974 0.988781035 2.367757320 0.002779432 0.996504486 -0.083494067 -0.148812264 -0.992270827 -0.007610011 -0.123857431 3.115588427
-0.125360459 0.078112416 0.989031434 2.412335396 0.003461036 0.996923983 -0.078297071 -0.152185112 -0.992105246 -0.006392285 -0.125245214 3.110782862
-0.125865236 0.068119824 0.989705861 2.455023050 0.007662904 0.997676611 -0.067693934 -0.156469300 -0.992017806 -0.000936292 -0.126094818 3.105572224
-0.125744998 0.063885674 0.990003467 2.500151873 0.012120510 0.997948825 -0.062858894 -0.159256458 -0.991988540 0.004095155 -0.126261398 3.099599600
-0.124640770 0.066311434 0.989983618 2.543378115 0.020623093 0.997721791 -0.064233281 -0.162433311 -0.991987526 0.012410440 -0.125724375 3.093453646
-0.123525016 0.072328351 0.989701986 2.588248730 0.025907479 0.997235298 -0.069645368 -0.165135205 -0.992003202 0.017037738 -0.125057340 3.087742090
-0.123430245 0.077829041 0.989296496 2.632076740 0.029241107 0.996772110 -0.074768864 -0.168572932 -0.991922259 0.019699384 -0.125307634 3.082308054
-0.123471200 0.082876809 0.988881290 2.674839497 0.030332448 0.996356010 -0.079715952 -0.171575323 -0.991884410 0.020152565 -0.125535116 3.077780008
-0.121272236 0.079174340 0.989456654 2.720443010 0.027189208 0.996704817 -0.076421887 -0.175891817 -0.992246866 0.017634682 -0.123025306 3.070538282
-0.121135682 0.074772350 0.989815712 2.763479233 0.027061336 0.997036994 -0.072006024 -0.178986281 -0.992267013 0.018063236 -0.122800194 3.064460039
-0.121458501 0.073002666 0.989908278 2.809018135 0.024567094 0.997207344 -0.070526645 -0.182549268 -0.992292583 0.015753111 -0.122912757 3.060505629
-0.121940888 0.073373809 0.989821553 2.852807999 0.021787988 0.997221410 -0.071238175 -0.185648948 -0.992298305 0.012879374 -0.123200722 3.055509567
-0.121667743 0.079021864 0.989420295 2.897601843 0.023836803 0.996770918 -0.076677762 -0.189299896 -0.992284596 0.014255409 -0.123158485 3.050465822
-0.119972564 0.080410726 0.989515364 2.941634655 0.023710923 0.996662259 -0.078116693 -0.193850577 -0.992493987 0.014090467 -0.121478729 3.044250011
-0.120557085 0.079698503 0.989501953 2.986514568 0.022088831 0.996740639 -0.077590309 -0.196582586 -0.992460549 0.012502878 -0.121924594 3.039345264
-0.119868889 0.073480017 0.990066707 3.033086061 0.024996201 0.997164428 -0.070980467 -0.200544745 -0.992474973 0.016239552 -0.121365726 3.033868074
-0.121204056 0.072584763 0.989970207 3.078353643 0.024874747 0.997231781 -0.070071720 -0.203301787 -0.992315948 0.016132280 -0.122674063 3.028993845
-0.120856971 0.074658759 0.989858389 3.123650312 0.021908915 0.997125387 -0.072531886 -0.207627296 -0.992428243 0.012920734 -0.122145250 3.023805141
-0.120687805 0.077685185 0.989646077 3.172099113 0.020951048 0.996910453 -0.075700402 -0.211303592 -0.992469370 0.011598009 -0.121942505 3.018461704
-0.120613292 0.077647157 0.989658177 3.218858719 0.019881412 0.996925175 -0.075794280 -0.214609921 -0.992500424 0.010534003 -0.121786170 3.013005257
