0.999995172 -0.002248191 -0.002138096 0.000686603 0.002254321 0.999993265 0.002869379 -0.000816534 0.002131631 -0.002874185 0.999993622 0.055586021
0.999991894 -0.002693846 -0.002984018 -0.000440668 0.002704940 0.999989450 0.003719688 -0.001402163 0.002973967 -0.003727730 0.999988616 0.109093666
0.999990225 -0.001785587 -0.004074621 -0.001165911 0.001801268 0.999991000 0.003848049 -0.002188482 0.004067713 -0.003855351 0.999984324 0.163254514
0.999983072 -0.001014933 -0.005728784 -0.001668681 0.001035051 0.999993324 0.003509834 -0.002665681 0.005725184 -0.003515704 0.999977350 0.217466936
0.999976039 -0.001033170 -0.006842111 -0.002438337 0.001059980 0.999991775 0.003915949 -0.003373771 0.006838009 -0.003923107 0.999968946 0.271241903
0.999950171 -0.001095710 -0.009924317 -0.001919103 0.001129618 0.999993563 0.003411679 -0.003348590 0.009920515 -0.003422719 0.999944985 0.326463729
0.999941170 -0.003138878 -0.010384679 -0.003684564 0.003175207 0.999988914 0.003483631 -0.004560718 0.010373631 -0.003516399 0.999940038 0.379275292
0.999918759 -0.005107731 -0.011678884 -0.004398676 0.005149764 0.999980390 0.003571874 -0.005121714 0.011660410 -0.003631727 0.999925435 0.435067058
0.999903023 -0.003873560 -0.013378609 -0.005141774 0.003924347 0.999985158 0.003771925 -0.005867125 0.013363799 -0.003824061 0.999903321 0.486139834
0.999910653 -0.002552797 -0.013121866 -0.007031735 0.002593101 0.999991953 0.003055348 -0.005883337 0.013113960 -0.003089101 0.999909222 0.539988995
0.999891162 -0.001174066 -0.014702336 -0.007706247 0.001234971 0.999990702 0.004134132 -0.006764301 0.014697346 -0.004151839 0.999883354 0.591645300
0.999867737 -0.000306005 -0.016258461 -0.008303054 0.000396928 0.999984324 0.005589401 -0.007508447 0.016256498 -0.005595115 0.999852180 0.648806572
0.999874532 0.000669749 -0.015824638 -0.009817611 -0.000573394 0.999981225 0.006092661 -0.008197419 0.015828425 -0.006082823 0.999856174 0.697989881
0.999873519 0.002276491 -0.015737681 -0.011415293 -0.002183843 0.999980211 0.005901681 -0.008760748 0.015750807 -0.005866567 0.999858737 0.750870883
0.999856055 0.002499521 -0.016780503 -0.011934444 -0.002401607 0.999979913 0.005852539 -0.008395813 0.016794797 -0.005811396 0.999841988 0.802848399
0.999851227 0.002301654 -0.017093098 -0.012378225 -0.002203675 0.999980986 0.005748713 -0.008739499 0.017106004 -0.005710190 0.999837279 0.857281566
0.999850154 0.004222522 -0.016787864 -0.014038589 -0.004095735 0.999962986 0.007579468 -0.009170638 0.016819246 -0.007509576 0.999830365 0.907446563
0.999858916 0.004943437 -0.016053414 -0.015985308 -0.004847309 0.999970198 0.006021424 -0.009630410 0.016082702 -0.005942759 0.999853015 0.960584581
0.999850810 0.005487651 -0.016375443 -0.016663814 -0.005413837 0.999974966 0.004548524 -0.010620015 0.016399993 -0.004459191 0.999855578 1.011487126
0.999867380 0.003389355 -0.015925776 -0.017791631 -0.003332681 0.999988079 0.003583839 -0.010162173 0.015937734 -0.003530289 0.999866724 1.062357426
0.999866188 0.002996923 -0.016082594 -0.018445075 -0.002888782 0.999973059 0.006743107 -0.011299754 0.016102370 -0.006695746 0.999847949 1.114608884
0.999869347 0.002507238 -0.015971826 -0.019249028 -0.002377646 0.999964118 0.008127642 -0.011668149 0.015991632 -0.008088604 0.999839425 1.165737748
0.999871254 0.000117674 -0.016044971 -0.020062672 -0.000000114 0.999973178 0.007326611 -0.012222870 0.016045405 -0.007325667 0.999844372 1.214986444
0.999882817 0.000486324 -0.015301718 -0.021542493 -0.000403121 0.999985099 0.005440142 -0.012454301 0.015304138 -0.005433335 0.999868035 1.265482187
0.999896824 0.000772360 -0.014348314 -0.022972178 -0.000706329 0.999989092 0.004606483 -0.012922872 0.014351718 -0.004595873 0.999886394 1.314072847
0.999908686 0.001470777 -0.013435519 -0.023472600 -0.001417731 0.999991179 0.003956856 -0.013768587 0.013441223 -0.003937447 0.999901891 1.364212275
0.999921143 0.003353986 -0.012101574 -0.024653424 -0.003293312 0.999981940 0.005030155 -0.014449159 0.012118228 -0.004989904 0.999914110 1.410713196
0.999933898 0.003944052 -0.010793492 -0.025836073 -0.003871337 0.999969780 0.006749645 -0.014616854 0.010819785 -0.006707415 0.999918938 1.457895637
0.999959111 0.002236805 -0.008758483 -0.026307696 -0.002164804 0.999963880 0.008221612 -0.015660597 0.008776559 -0.008202315 0.999927819 1.504616857
0.999971807 0.003551044 -0.006613503 -0.026533011 -0.003492269 0.999954522 0.008877487 -0.016139124 0.006644726 -0.008854139 0.999938726 1.550860643
0.999989450 0.002621268 -0.003757071 -0.026090337 -0.002591028 0.999964416 0.008030944 -0.016575608 0.003777988 -0.008021126 0.999960661 1.595153332
0.999998271 0.001864041 0.000155025 -0.026987843 -0.001864963 0.999979198 0.006178673 -0.017033763 -0.000143503 -0.006178952 0.999980867 1.639737248
0.999990880 0.001882840 0.003830736 -0.027105359 -0.001900018 0.999988139 0.004485850 -0.017341293 -0.003822243 -0.004493088 0.999982595 1.683836937
0.999967515 0.002040227 0.007798586 -0.027003113 -0.002079161 0.999985456 0.004987577 -0.017800145 -0.007788296 -0.005003628 0.999957144 1.726532578
0.999907315 0.002161406 0.013439836 -0.026987204 -0.002226911 0.999985754 0.004860921 -0.018267497 -0.013429139 -0.004890400 0.999897897 1.770273328
0.999792576 0.004231518 0.019920573 -0.026018105 -0.004304993 0.999984086 0.003646940 -0.018613327 -0.019904822 -0.003731942 0.999794900 1.813626766
0.999599755 0.005840779 0.027681455 -0.025610235 -0.005950745 0.999974728 0.003891855 -0.019379172 -0.027658021 -0.004055022 0.999609172 1.855735064
0.999341726 0.006740515 0.035646427 -0.024088264 -0.006920800 0.999963880 0.004936638 -0.019696543 -0.035611868 -0.005180090 0.999352217 1.897272468
0.998903215 0.008711452 0.046007574 -0.022376761 -0.008977799 0.999944091 0.005585703 -0.020186605 -0.045956355 -0.005992623 0.998925447 1.939100862
0.998198926 0.010504593 0.059065420 -0.020316742 -0.010859298 0.999924839 0.005687464 -0.021024391 -0.059001241 -0.006318631 0.998237848 1.980472326
0.997174561 0.013651023 0.073868424 -0.017838076 -0.014177982 0.999877632 0.006614028 -0.021805856 -0.073769107 -0.007642647 0.997245967 2.018679142
0.995794535 0.015696343 0.090259835 -0.014994353 -0.016404951 0.999840140 0.007114208 -0.021361124 -0.090133734 -0.008565000 0.995892823 2.059014797
0.994070351 0.016262049 0.107515678 -0.011101484 -0.017206203 0.999821126 0.007859642 -0.021488538 -0.107368626 -0.009662973 0.994172275 2.096532345
0.991810679 0.015358089 0.126790211 -0.006434292 -0.016361728 0.999842405 0.006878026 -0.022035848 -0.126664609 -0.008896207 0.991905689 2.136454821
0.989095688 0.013827410 0.146624058 -0.000731051 -0.014823057 0.999873877 0.005699983 -0.022400143 -0.146526769 -0.007811246 0.989175797 2.173985004
0.985741556 0.011325818 0.167884976 0.005108684 -0.012432528 0.999907315 0.005542418 -0.022727244 -0.167806655 -0.007550625 0.985791028 2.211892605
0.981856287 0.006217406 0.189524978 0.012487531 -0.007755638 0.999942720 0.007375663 -0.022917051 -0.189468250 -0.008711729 0.981848240 2.248913765
0.977154136 0.000920990 0.212530062 0.020107388 -0.002937734 0.999953628 0.009173634 -0.023807682 -0.212511763 -0.009588413 0.977111459 2.284503937
0.971569777 -0.004177321 0.236716539 0.028809130 0.002233123 0.999961555 0.008480716 -0.023787286 -0.236742869 -0.007710991 0.971541762 2.321307898
0.965029001 -0.010900721 0.261916459 0.038451850 0.009523544 0.999933422 0.006526887 -0.024041988 -0.261970133 -0.003804262 0.965068519 2.356244564
0.957502663 -0.014120270 0.288078755 0.048437297 0.012455467 0.999893486 0.007611192 -0.024842639 -0.288155526 -0.003699583 0.957576513 2.389992952
0.948852837 -0.016502041 0.315287054 0.059951007 0.014220696 0.999853432 0.009535036 -0.024688639 -0.315398097 -0.004563746 0.948948443 2.424932241
0.938971460 -0.020531645 0.343382001 0.071833968 0.017307121 0.999772787 0.012452852 -0.025089078 -0.343559593 -0.005749919 0.939113259 2.458332300
0.928026676 -0.023636429 0.371762991 0.084926069 0.020598816 0.999714196 0.012140578 -0.025252888 -0.371943653 -0.003608903 0.928248286 2.490608931
0.916145205 -0.023711769 0.400144577 0.098896027 0.022489604 0.999717057 0.007750488 -0.025102986 -0.400215060 0.001898521 0.916419268 2.521632433
0.903061032 -0.024697153 0.428801596 0.113192976 0.026052842 0.999656916 0.002708416 -0.025423016 -0.428721368 0.008725636 0.903394699 2.551522493
0.889085174 -0.026573954 0.456969708 0.129702270 0.029608672 0.999561429 0.000520089 -0.025988059 -0.456783086 0.013067864 0.889482081 2.581855774
0.873007298 -0.027017109 0.486958146 0.145755470 0.029259458 0.999567389 0.003001690 -0.025731096 -0.486828536 0.011627634 0.873420119 2.612485409
0.855320215 -0.025919259 0.517451048 0.163088679 0.024956275 0.999649644 0.008821264 -0.026308060 -0.517498374 0.005368646 0.855667353 2.641552925
0.835558355 -0.026715603 0.548751891 0.181067944 0.023561280 0.999640584 0.012791162 -0.026941363 -0.548896492 0.002241537 0.835887372 2.669585228
0.813799500 -0.020159461 0.580796003 0.198994875 0.019199969 0.999785244 0.007800004 -0.026999285 -0.580828428 0.004803625 0.814011812 2.697222710
0.792545378 -0.013629446 0.609660566 0.220456362 0.016517909 0.999863267 0.000879810 -0.027487004 -0.609589219 0.009373028 0.792662084 2.723027945
0.769513428 -0.010691565 0.638541043 0.241175056 0.015880128 0.999870956 -0.002395750 -0.026706051 -0.638433039 0.011983675 0.769583941 2.750144958
0.746141195 -0.013381387 0.665653288 0.263027310 0.016817581 0.999857724 0.001248691 -0.027717242 -0.665575266 0.010262977 0.746260047 2.774608612
0.721594632 -0.013832774 0.692177653 0.285498619 0.017270874 0.999848843 0.001976537 -0.028164342 -0.692100465 0.010528255 0.721724451 2.798411846
0.696394801 -0.011999844 0.717558563 0.309267759 0.018194098 0.999834001 -0.000937097 -0.028709730 -0.717428267 0.013707919 0.696497560 2.820944786
0.670236528 -0.009225962 0.742090225 0.333669662 0.017825622 0.999834359 -0.003669300 -0.028809691 -0.741933525 0.015687520 0.670290053 2.842787743
0.643342853 -0.007252203 0.765543878 0.358421206 0.016622512 0.999851763 -0.004497252 -0.029392073 -0.765397847 0.015618538 0.643367887 2.863663673
0.614990175 -0.005316759 0.788516819 0.384440541 0.016084913 0.999853849 -0.005803403 -0.029672924 -0.788370788 0.016252261 0.614985764 2.884476423
0.586168647 0.001037980 0.810188413 0.411013842 0.015337654 0.999805748 -0.012377651 -0.030295752 -0.810043991 0.019681778 0.586038828 2.903889418
0.556081295 0.010212672 0.831065118 0.437748075 0.015093482 0.999635518 -0.022383509 -0.030468203 -0.830990791 0.024990715 0.555724382 2.922031879
0.525262833 0.018692093 0.850734711 0.466207147 0.013167967 0.999460459 -0.030090041 -0.032052372 -0.850838184 0.027007626 0.524733305 2.939937592
0.493157417 0.023317177 0.869627535 0.494819045 0.010303631 0.999414146 -0.032640211 -0.033639051 -0.869879007 0.025057087 0.492628276 2.956889868
0.460493565 0.022943286 0.887366474 0.524568081 0.008390143 0.999508739 -0.030196792 -0.034882095 -0.887623370 0.021350555 0.460074812 2.972727776
0.427056760 0.022184089 0.903952658 0.555677533 0.004093503 0.999641299 -0.026466304 -0.035707291 -0.904215515 0.015002947 0.426812768 2.988052130
0.392275125 0.022857241 0.919563949 0.587021768 -0.000449535 0.999695897 -0.024657283 -0.037559547 -0.919847846 0.009259062 0.392166078 3.002497673
0.357704163 0.025833331 0.933477581 0.618176162 -0.006470556 0.999661863 -0.025185447 -0.038237967 -0.933812559 0.002968821 0.357750416 3.014393806
0.322081953 0.027243510 0.946319699 0.650466621 -0.010976627 0.999626100 -0.025042225 -0.039575562 -0.946648180 -0.002321752 0.322260588 3.025827408
0.285581678 0.027282761 0.957965970 0.684361756 -0.013400212 0.999610603 -0.024474028 -0.040153522 -0.958260596 -0.005847611 0.285836101 3.036649227
0.248944715 0.026657578 0.968150854 0.717983663 -0.014308579 0.999613225 -0.023844665 -0.041555054 -0.968411982 -0.007916857 0.249229863 3.045917511
0.213175043 0.026250888 0.976661325 0.753072441 -0.014108440 0.999617577 -0.023788473 -0.042704273 -0.976912141 -0.008708062 0.213463828 3.053572178
0.178037435 0.024527416 0.983717978 0.787743092 -0.011256468 0.999674737 -0.022888022 -0.043830827 -0.983959377 -0.006998267 0.178255618 3.059604645
0.143405452 0.024266884 0.989366472 0.823337078 -0.003221933 0.999705493 -0.024053467 -0.044737753 -0.989658892 0.000261725 0.143441394 3.064869404
0.109838553 0.027316030 0.993574023 0.859309316 -0.001088911 0.999625027 -0.027362011 -0.046214808 -0.993948877 0.001923490 0.109827116 3.068621874
0.076982588 0.032109428 0.996515274 0.894713938 -0.000083330 0.999481499 -0.032198574 -0.047628731 -0.997032404 0.002395690 0.076945357 3.071790934
0.047528945 0.036633044 0.998197973 0.931399167 0.006485804 0.999294937 -0.036982127 -0.048661564 -0.998848855 0.008231835 0.047257844 3.073690414
0.022721138 0.034331702 0.999152303 0.968185484 0.009247902 0.999360323 -0.034549143 -0.050451316 -0.999699056 0.010025058 0.022389103 3.073908091
-0.000475664 0.031463914 0.999504805 1.005106568 0.010667727 0.999448240 -0.031457052 -0.051765706 -0.999942958 0.010647482 -0.000811050 3.074792862
-0.018801359 0.028762128 0.999409497 1.042362928 0.011459329 0.999526620 -0.028549921 -0.053328536 -0.999757528 0.010915783 -0.019122059 3.073688745
-0.035270296 0.032077629 0.998862863 1.079400063 0.012353064 0.999422371 -0.031659406 -0.054759376 -0.999301553 0.011222378 -0.035646182 3.072263241
-0.050049294 0.036688011 0.998072743 1.116722584 0.015097803 0.999238729 -0.035973784 -0.055954508 -0.998632550 0.013268244 -0.050565101 3.070627213
-0.062015787 0.041951627 0.997193158 1.153063059 0.020965196 0.998950541 -0.040721722 -0.057237141 -0.997854948 0.018380960 -0.062830225 3.068041801
-0.070488982 0.045094047 0.996492684 1.190904737 0.025335902 0.998736322 -0.043403383 -0.059626751 -0.997190773 0.022187583 -0.071542397 3.065155745
-0.076208919 0.050249998 0.995824873 1.227435708 0.029011162 0.998418212 -0.048160683 -0.061913744 -0.996669710 0.025219759 -0.077546194 3.061773539
-0.080357336 0.055180922 0.995237648 1.263343573 0.031557590 0.998106658 -0.052791998 -0.063909911 -0.996266484 0.027165078 -0.081946567 3.058778286
-0.083165184 0.059542671 0.994755328 1.301905990 0.032852877 0.997834623 -0.056980364 -0.065479897 -0.995994091 0.027941791 -0.084941268 3.056620359
-0.085876964 0.062488083 0.994344234 1.338158250 0.033455729 0.997649133 -0.059806362 -0.067822076 -0.995743871 0.028130524 -0.087765679 3.053291559
-0.087940432 0.065776020 0.993951797 1.376402617 0.034802213 0.997411191 -0.062925823 -0.070650294 -0.995517612 0.029057994 -0.090001926 3.049638510
-0.090302147 0.069397643 0.993493617 1.413277984 0.035568450 0.997157514 -0.066420637 -0.073486775 -0.995279133 0.029339097 -0.092513844 3.046303034
-0.091805466 0.070430294 0.993283153 1.450288773 0.038211837 0.997010052 -0.067162775 -0.076316863 -0.995043516 0.031789258 -0.094222240 3.041963816
-0.094140619 0.069195941 0.993151307 1.488647223 0.038596220 0.997085333 -0.065811515 -0.078928180 -0.994810462 0.032136358 -0.096536927 3.038876534
-0.096347399 0.068711475 0.992973328 1.526414871 0.038110007 0.997137487 -0.065301850 -0.082081147 -0.994617879 0.031550560 -0.098690189 3.034944534
-0.097384103 0.070050523 0.992778599 1.565311432 0.038101085 0.997051001 -0.066614591 -0.085008934 -0.994517267 0.031338744 -0.099765919 3.029027224
-0.100179993 0.072210625 0.992345452 1.603646040 0.037720598 0.996921480 -0.068735614 -0.087663323 -0.994254053 0.030545937 -0.102595434 3.026600361
-0.104075104 0.074124470 0.991803408 1.641657591 0.035129178 0.996870518 -0.070816889 -0.090452470 -0.993948877 0.027470963 -0.106353343 3.023389578
-0.106106982 0.077537082 0.991327107 1.679393291 0.033123720 0.996677399 -0.074410163 -0.093680054 -0.993802845 0.024940997 -0.108322762 3.019123554
-0.108180851 0.082241163 0.990723610 1.718904376 0.030410411 0.996379614 -0.079390056 -0.096470043 -0.993665993 0.021539830 -0.110290185 3.015191078
-0.111854181 0.084461160 0.990128696 1.755834579 0.027862983 0.996256173 -0.081836194 -0.099593930 -0.993333936 0.018434219 -0.113788754 3.012630939
-0.113745481 0.082793951 0.990054131 1.797040105 0.024922164 0.996445775 -0.080465190 -0.103201225 -0.993197322 0.015521739 -0.115404621 3.004992723
-0.116067991 0.079079106 0.990088224 1.836959600 0.022942834 0.996773005 -0.076923423 -0.106018044 -0.992976189 0.013787079 -0.117507726 3.001484871
-0.118543953 0.076401964 0.990005076 1.875806093 0.024973918 0.996949375 -0.073947482 -0.109856166 -0.992634714 0.015958276 -0.120090373 2.996872425
-0.120896481 0.077711105 0.989618599 1.915138364 0.022871442 0.996884406 -0.075487584 -0.112736933 -0.992401540 0.013507823 -0.122297175 2.992592335
-0.121904656 0.081068814 0.989225447 1.954586864 0.023688700 0.996612489 -0.078754991 -0.115412489 -0.992259145 0.013832866 -0.123412102 2.987212420
-0.122073643 0.083931953 0.988965809 1.996191740 0.025186829 0.996359110 -0.081450462 -0.118735097 -0.992201328 0.014965962 -0.123743162 2.982310057
-0.123197585 0.083388388 0.988872409 2.034109592 0.023567518 0.996428251 -0.081089407 -0.122685216 -0.992102206 0.013315254 -0.124722794 2.978090286
-0.121845908 0.082981691 0.989074171 2.075459003 0.021007057 0.996491373 -0.081016093 -0.125910640 -0.992326736 0.010906051 -0.123161592 2.971814632
-0.121956795 0.082886837 0.989068389 2.114685297 0.017275836 0.996533215 -0.081382222 -0.128574535 -0.992385030 0.007161870 -0.122965917 2.967038870
-0.122274756 0.083797149 0.988952458 2.154281378 0.013739721 0.996476710 -0.082735918 -0.132118106 -0.992401183 0.003471416 -0.122995302 2.962075710
-0.121935144 0.083463080 0.989022613 2.195676088 0.009509674 0.996510565 -0.082922563 -0.136282846 -0.992492497 -0.000705891 -0.122303374 2.957371950
-0.123484805 0.082813755 0.988884807 2.235361099 0.006586287 0.996558189 -0.082633913 -0.139723182 -0.992324591 -0.003690952 -0.123605222 2.953614235
-0.123448163 0.077571079 0.989314556 2.275855541 0.006217962 0.996981025 -0.077396296 -0.143369868 -0.992331564 -0.003402911 -0.123557821 2.948470592
-0.123080216 0.069801986 0.989938855 2.319101810 0.009972213 0.997559905 -0.069099486 -0.146173567 -0.992346644 0.001367101 -0.123475984 2.942847967
-0.124112457 0.063965812 0.990204334 2.359752655 0.015335922 0.997924447 -0.062542312 -0.149616435 -0.992149711 0.007423416 -0.124835841 2.938434601
-0.121827163 0.066628002 0.990312517 2.401854277 0.024508087 0.997642100 -0.064106174 -0.152188629 -0.992248714 0.016460791 -0.123172849 2.931966066
-0.120935246 0.072167128 0.990033686 2.442542791 0.030523902 0.997152388 -0.068957470 -0.154928267 -0.992191017 0.021880299 -0.122793704 2.926995277
-0.119807959 0.077540629 0.989764333 2.484172344 0.033986390 0.996681213 -0.073968567 -0.158286139 -0.992215216 0.024776494 -0.122045666 2.921537876
-0.119425915 0.082380071 0.989419520 2.525697231 0.034081977 0.996304572 -0.078839518 -0.161081463 -0.992258012 0.024305889 -0.121792242 2.916711807
-0.118998252 0.079066887 0.989741325 2.568297148 0.031884961 0.996614456 -0.075782374 -0.165056810 -0.992382348 0.022539893 -0.121116407 2.911202669
-0.118878461 0.074560814 0.990105331 2.610975504 0.031016998 0.996968746 -0.071353562 -0.168369025 -0.992424190 0.022227695 -0.120830752 2.906273365
-0.119141594 0.072552152 0.990222931 2.652876377 0.029003266 0.997155309 -0.069570459 -0.171572372 -0.992453575 0.020430963 -0.120906942 2.901802540
-0.119103827 0.073294640 0.990172744 2.694871426 0.027526647 0.997131944 -0.070498697 -0.174801648 -0.992500186 0.018859468 -0.120779790 2.896775246
-0.118688904 0.078585736 0.989816725 2.737812281 0.028273601 0.996726394 -0.075744025 -0.178094983 -0.992528796 0.018995710 -0.120522276 2.891814232
-0.117586128 0.083362587 0.989557564 2.779396772 0.026727382 0.996375203 -0.080760978 -0.179809108 -0.992702901 0.016951917 -0.119387954 2.886607170
-0.117777623 0.080064006 0.989807129 2.823893309 0.027569221 0.996624053 -0.077334911 -0.184856176 -0.992657244 0.018179892 -0.119587317 2.881673336
-0.116756454 0.073364317 0.990447223 2.866773367 0.029111888 0.997092187 -0.070424743 -0.188413784 -0.992733836 0.020611251 -0.118552722 2.876151085
-0.117172860 0.071869381 0.990507603 2.909874678 0.028674191 0.997207046 -0.068963446 -0.191388652 -0.992697477 0.020321364 -0.118906394 2.871137619
-0.118115872 0.074945942 0.990167499 2.953459978 0.025347902 0.997050405 -0.072443187 -0.194716439 -0.992676198 0.016541978 -0.119667202 2.867255211
-0.117517747 0.077837452 0.990015566 2.995392561 0.025160624 0.996836782 -0.075387120 -0.198147371 -0.992751956 0.016050085 -0.119104445 2.861988783
-0.117217161 0.077783436 0.990055501 3.040309429 0.024703098 0.996847928 -0.075392365 -0.201089680 -0.992798984 0.015620159 -0.118769199 2.856846571
