0.999995828 -0.002343740 -0.001638910 0.000023044 0.002348545 0.999992907 0.002936218 -0.000780472 0.001632017 -0.002940055 0.999994338 0.053996991
0.999991715 -0.002932705 -0.002829464 -0.000550329 0.002943730 0.999988079 0.003900124 -0.001574785 0.002817992 -0.003908421 0.999988377 0.107046664
0.999991000 -0.001803174 -0.003845553 -0.001372702 0.001817293 0.999991596 0.003671126 -0.002012755 0.003838901 -0.003678081 0.999985814 0.160268098
0.999986351 -0.001074366 -0.005104772 -0.002135912 0.001092305 0.999993205 0.003512640 -0.002631786 0.005100964 -0.003518168 0.999980807 0.213316053
0.999978483 -0.001442763 -0.006395597 -0.002780412 0.001467920 0.999991179 0.003930398 -0.003311576 0.006389870 -0.003939702 0.999971807 0.266087264
0.999948025 -0.001467065 -0.010080982 -0.001712465 0.001492578 0.999995768 0.002523711 -0.002790801 0.010077235 -0.002538627 0.999945998 0.320139229
0.999948442 -0.003395100 -0.009572595 -0.004130831 0.003428509 0.999988079 0.003475638 -0.004477262 0.009560681 -0.003508279 0.999948144 0.371416390
0.999936581 -0.005051437 -0.010070709 -0.005363552 0.005084331 0.999981821 0.003243340 -0.004710688 0.010054141 -0.003294337 0.999944091 0.426325768
0.999913990 -0.004342490 -0.012374287 -0.005522661 0.004388865 0.999983430 0.003722939 -0.005806380 0.012357913 -0.003776928 0.999916494 0.475810736
0.999920666 -0.003665550 -0.012051618 -0.007205818 0.003712743 0.999985516 0.003895836 -0.006303033 0.012037163 -0.003940271 0.999919772 0.529349387
0.999901950 -0.001985857 -0.013857469 -0.007721239 0.002047680 0.999988019 0.004448638 -0.006964711 0.013848470 -0.004476578 0.999894083 0.578462541
0.999895394 -0.000209692 -0.014459165 -0.008916421 0.000287579 0.999985516 0.005384841 -0.007805765 0.014457825 -0.005388437 0.999880970 0.629079759
0.999888182 0.001289264 -0.014904769 -0.009828489 -0.001195140 0.999979317 0.006322263 -0.008144332 0.014912614 -0.006303743 0.999868929 0.678105295
0.999888778 0.000882395 -0.014887414 -0.011411222 -0.000798814 0.999983966 0.005619245 -0.007835442 0.014892135 -0.005606729 0.999873400 0.732006371
0.999867797 0.002219307 -0.016107896 -0.011396816 -0.002123715 0.999979973 0.005949207 -0.008376028 0.016120778 -0.005914211 0.999852538 0.780542433
0.999857962 0.002229288 -0.016707903 -0.011987080 -0.002121539 0.999976814 0.006463977 -0.009240275 0.016721925 -0.006427612 0.999839485 0.831480265
0.999863863 0.003719035 -0.016070569 -0.013592264 -0.003590458 0.999961495 0.008022184 -0.009389760 0.016099781 -0.007963393 0.999838650 0.880199254
0.999859691 0.002681563 -0.016533751 -0.014612343 -0.002587652 0.999980450 0.005698782 -0.009466253 0.016548710 -0.005655199 0.999847054 0.929128408
0.999860764 0.005136801 -0.015878424 -0.015919045 -0.005065890 0.999977052 0.004502897 -0.010188009 0.015901191 -0.004421833 0.999863744 0.978990078
0.999881148 0.003087186 -0.015102363 -0.017075868 -0.003029365 0.999988019 0.003849988 -0.010098334 0.015114068 -0.003803780 0.999878526 1.027763128
0.999877810 0.002594322 -0.015409918 -0.017835017 -0.002490210 0.999973893 0.006771486 -0.010881545 0.015427084 -0.006732285 0.999858260 1.076972365
0.999874890 0.002265127 -0.015650341 -0.018169921 -0.002135408 0.999963164 0.008300346 -0.011295823 0.015668567 -0.008265887 0.999843001 1.126971245
0.999879301 0.000901785 -0.015506792 -0.019091239 -0.000778869 0.999968171 0.007930743 -0.012019228 0.015513452 -0.007917707 0.999848247 1.174025655
0.999892175 0.000146038 -0.014681629 -0.020483157 -0.000062524 0.999983847 0.005688673 -0.012273997 0.014682220 -0.005687142 0.999876022 1.221764088
0.999910593 0.001126026 -0.013328622 -0.022220757 -0.001066960 0.999989569 0.004437802 -0.012556201 0.013333479 -0.004423183 0.999901295 1.268280745
0.999911129 0.001268125 -0.013273017 -0.022345975 -0.001218971 0.999992430 0.003710785 -0.013204843 0.013277623 -0.003694276 0.999905050 1.316027045
0.999926925 0.003297141 -0.011631299 -0.023513801 -0.003239725 0.999982476 0.004951721 -0.013764079 0.011647422 -0.004913676 0.999920070 1.360296011
0.999934793 0.004193768 -0.010630199 -0.024331447 -0.004117741 0.999965847 0.007163804 -0.014390783 0.010659881 -0.007119562 0.999917805 1.405582666
0.999959052 0.001619050 -0.008901795 -0.024333544 -0.001554890 0.999972820 0.007209699 -0.014204416 0.008913226 -0.007195563 0.999934316 1.449787140
0.999972343 0.003939348 -0.006307310 -0.025065454 -0.003882602 0.999952078 0.008984057 -0.015545833 0.006342398 -0.008959319 0.999939740 1.494916558
0.999991000 0.002703208 -0.003267152 -0.025092160 -0.002678152 0.999967158 0.007649135 -0.015439514 0.003287722 -0.007640317 0.999965429 1.537530065
0.999997556 0.002137285 0.000502605 -0.025495050 -0.002140328 0.999978840 0.006132176 -0.016141992 -0.000489488 -0.006133238 0.999980986 1.580575109
0.999988973 0.002061418 0.004212634 -0.025723711 -0.002081387 0.999986529 0.004741316 -0.016763126 -0.004202805 -0.004750031 0.999979913 1.621852160
0.999961734 0.002856984 0.008261345 -0.025698852 -0.002900913 0.999981642 0.005310353 -0.017151933 -0.008246024 -0.005334116 0.999951839 1.663101435
0.999904037 0.002521326 0.013618162 -0.025638696 -0.002588615 0.999984443 0.004925719 -0.017514348 -0.013605533 -0.004960499 0.999895215 1.704688430
0.999790311 0.004047106 0.020072294 -0.024506554 -0.004124759 0.999984145 0.003828751 -0.017927095 -0.020056482 -0.003910742 0.999791205 1.745737672
0.999603808 0.005368410 0.027626434 -0.023787111 -0.005491220 0.999975324 0.004371464 -0.018783493 -0.027602291 -0.004521436 0.999608696 1.786250949
0.999359846 0.006494296 0.035180129 -0.022634305 -0.006679274 0.999964476 0.005143057 -0.018845972 -0.035145473 -0.005374743 0.999367714 1.825406313
0.998891234 0.008616884 0.046280760 -0.021248490 -0.008897484 0.999943376 0.005860442 -0.019686118 -0.046227634 -0.006265728 0.998911262 1.865770102
0.998173058 0.010159896 0.059560284 -0.019850440 -0.010538768 0.999926269 0.006050477 -0.020435136 -0.059494421 -0.006667115 0.998206437 1.904540420
0.997101307 0.013748768 0.074831642 -0.017491534 -0.014266512 0.999877870 0.006388638 -0.020521976 -0.074734665 -0.007437707 0.997175694 1.942681789
0.995790362 0.015098703 0.090407677 -0.014003769 -0.015819838 0.999848485 0.007265172 -0.020753399 -0.090284288 -0.008664823 0.995878339 1.981711864
0.994076729 0.015737167 0.107534438 -0.009759203 -0.016718058 0.999826431 0.008226166 -0.021177493 -0.107386328 -0.009975209 0.994167328 2.019754410
0.991834641 0.014951273 0.126651168 -0.005607188 -0.015981153 0.999846935 0.007119359 -0.021474060 -0.126525342 -0.009085258 0.991921723 2.055934429
0.988999963 0.013718114 0.147278070 -0.000830144 -0.014787644 0.999871552 0.006169469 -0.021859836 -0.147174567 -0.008279501 0.989075840 2.092906475
0.985737324 0.010435214 0.167967349 0.005037308 -0.011592911 0.999915302 0.005913250 -0.022197850 -0.167891413 -0.007776141 0.985774815 2.127556562
0.981795311 0.005994089 0.189847499 0.012055099 -0.007581862 0.999942064 0.007638205 -0.022302162 -0.189790726 -0.008938551 0.981783867 2.164643049
0.977043390 0.000491777 0.213040173 0.019523144 -0.002500588 0.999954879 0.009159899 -0.022625405 -0.213026062 -0.009482344 0.977000475 2.199019194
0.971613050 -0.003920562 0.236543089 0.027503490 0.001806139 0.999956489 0.009154874 -0.023336727 -0.236568704 -0.008467766 0.971577764 2.231951237
0.965043962 -0.010767289 0.261866719 0.037104070 0.009302199 0.999933362 0.006833783 -0.023530610 -0.261922896 -0.004158965 0.965079844 2.267536879
0.957483947 -0.014169390 0.288138568 0.047049165 0.012452267 0.999892116 0.007791454 -0.024151951 -0.288217872 -0.003872214 0.957556963 2.300343275
0.948782682 -0.016660232 0.315490156 0.057730854 0.014186488 0.999848008 0.010136003 -0.024378583 -0.315611094 -0.005141167 0.948874712 2.333492041
0.938937843 -0.021041876 0.343442708 0.068968892 0.017626615 0.999759376 0.013063358 -0.024808489 -0.343634874 -0.006211949 0.939082801 2.365667582
0.927925169 -0.023861215 0.372002035 0.081693709 0.020572305 0.999706328 0.012808117 -0.024944607 -0.372198433 -0.004232034 0.928143620 2.396822929
0.916028380 -0.023710852 0.400412023 0.095162034 0.022083705 0.999718428 0.008678265 -0.025024943 -0.400505126 0.000893043 0.916294098 2.426710844
0.902830780 -0.024974043 0.429270118 0.109376192 0.026020544 0.999655485 0.003432089 -0.025373444 -0.429207981 0.008071246 0.903169692 2.456498146
0.888653696 -0.026951011 0.457786292 0.124206305 0.029452069 0.999564767 0.001674570 -0.026184488 -0.457632184 0.011994638 0.889060736 2.484835625
0.872948408 -0.027202759 0.487053514 0.140572727 0.028591622 0.999580681 0.004583364 -0.026281450 -0.486973941 0.009924611 0.873360097 2.513934374
0.855456948 -0.026428055 0.517199159 0.157472491 0.024851333 0.999641299 0.009975527 -0.026434241 -0.517277300 0.004319453 0.855806947 2.541427135
0.835952878 -0.026714265 0.548150480 0.175326824 0.023101557 0.999642074 0.013486968 -0.026585864 -0.548314691 0.001388659 0.836270928 2.568536282
0.814114034 -0.020712247 0.580335677 0.192971826 0.018974489 0.999778926 0.009064189 -0.027266812 -0.580394983 0.003632288 0.814327061 2.595544338
0.792553008 -0.013900490 0.609644532 0.212176204 0.016244490 0.999866664 0.001679696 -0.027130742 -0.609586596 0.008572119 0.792673111 2.619840860
0.770333767 -0.011501786 0.637537122 0.232797861 0.015210925 0.999884248 -0.000340426 -0.027583528 -0.637459397 0.009959771 0.770419538 2.644248962
0.746583521 -0.013938811 0.665145636 0.253463626 0.016330397 0.999863267 0.002623330 -0.027607642 -0.665091157 0.008903557 0.746708989 2.668265343
0.722254872 -0.013988499 0.691485465 0.275147915 0.016845185 0.999854624 0.002631940 -0.027589090 -0.691421866 0.009747270 0.722385466 2.690907001
0.697191715 -0.012379004 0.716777802 0.297749996 0.017814433 0.999841273 -0.000060041 -0.028220195 -0.716663361 0.012810850 0.697301567 2.712212086
0.670945764 -0.009786491 0.741441786 0.320442796 0.017596470 0.999841452 -0.002726226 -0.028285392 -0.741297603 0.014875907 0.671011627 2.732622147
0.643535733 -0.007287303 0.765381396 0.344855666 0.015269865 0.999877930 -0.003318986 -0.029147239 -0.765263736 0.013823160 0.643568397 2.754251003
0.615971863 -0.006032048 0.787745118 0.369983077 0.015199605 0.999875605 -0.004228819 -0.029772043 -0.787621498 0.014578250 0.615986764 2.773201942
0.586570978 0.000397837 0.809897840 0.394774556 0.014230550 0.999840438 -0.010797660 -0.030335387 -0.809772789 0.017858885 0.586471617 2.792251110
0.556230307 0.009407366 0.830974996 0.420656085 0.012991712 0.999715328 -0.020013927 -0.031313084 -0.830926657 0.021928137 0.555949688 2.810281515
0.525860608 0.017965699 0.850381017 0.447944164 0.011598865 0.999532461 -0.028289299 -0.032217700 -0.850491762 0.024739685 0.525406301 2.826594114
0.493868291 0.023031758 0.869231641 0.475774169 0.009067910 0.999458313 -0.031634420 -0.033081137 -0.869489431 0.023505349 0.493391871 2.843111992
0.461764842 0.022559822 0.886715412 0.504511476 0.007165138 0.999548912 -0.029161844 -0.034250826 -0.886973441 0.019819351 0.461394936 2.857850313
0.428058118 0.021310709 0.903499961 0.533958077 0.002716592 0.999687076 -0.024866521 -0.035326429 -0.903747141 0.013098757 0.427866220 2.872748613
0.393538833 0.022601003 0.919030130 0.564056277 -0.001137283 0.999708951 -0.024098078 -0.036173619 -0.919307292 0.008438331 0.393449992 2.886159658
0.357202947 0.025398055 0.933681428 0.594825447 -0.008227088 0.999676943 -0.024045795 -0.037520360 -0.933990598 0.000907749 0.357296497 2.900051117
0.321805060 0.027690958 0.946400821 0.625818431 -0.013152228 0.999606490 -0.024775555 -0.038338047 -0.946714580 -0.004474382 0.322042614 2.910340071
0.285609901 0.027339207 0.957955956 0.658259630 -0.016054913 0.999589205 -0.023740690 -0.039395880 -0.958211482 -0.008599322 0.285931468 2.920644522
0.249589473 0.026295329 0.967994630 0.690431654 -0.016821640 0.999598145 -0.022816507 -0.040798683 -0.968205631 -0.010588496 0.249931529 2.928903580
0.213232413 0.025836730 0.976659834 0.723484099 -0.015911922 0.999609530 -0.022969825 -0.041831657 -0.976871908 -0.010642623 0.213560268 2.936541796
0.177920848 0.024377195 0.983742833 0.757079363 -0.013549625 0.999659061 -0.022320999 -0.042804513 -0.983951509 -0.009357974 0.178190470 2.942545652
0.143962324 0.024256602 0.989285946 0.791762710 -0.004636433 0.999705195 -0.023837376 -0.043307763 -0.989572287 -0.001155072 0.144032329 2.947000980
0.109586187 0.027065955 0.993608654 0.825065732 -0.003622667 0.999633431 -0.026830515 -0.045072503 -0.993970692 -0.000659259 0.109644040 2.951198578
0.077080309 0.031991735 0.996511519 0.858922005 -0.002895416 0.999488056 -0.031863332 -0.046304934 -0.997020662 -0.000429280 0.077133484 2.953795910
0.048082642 0.035772413 0.998202503 0.893793643 0.004230951 0.999342203 -0.036017060 -0.047717810 -0.998834372 0.005955142 0.047899660 2.955361605
0.022577470 0.033649452 0.999178588 0.928728223 0.006796313 0.999405146 -0.033810657 -0.049221449 -0.999721944 0.007554091 0.022335345 2.956111193
0.000583567 0.030440841 0.999536455 0.964008510 0.008341115 0.999501705 -0.030444650 -0.050653227 -0.999965012 0.008355014 0.000329368 2.956170559
-0.018295541 0.028575033 0.999424338 0.999880791 0.007958166 0.999563992 -0.028433351 -0.051630557 -0.999800980 0.007433383 -0.018514967 2.955279112
-0.034590855 0.031504046 0.998904943 1.035007834 0.009693273 0.999466538 -0.031186096 -0.053247247 -0.999354541 0.008603905 -0.034877785 2.953808308
-0.049509339 0.035972506 0.998125672 1.070727229 0.012650089 0.999293566 -0.035387129 -0.054443665 -0.998693526 0.010874388 -0.049929429 2.952416420
-0.061208311 0.041273978 0.997271299 1.106095672 0.016990880 0.999042988 -0.040304471 -0.055900734 -0.997980416 0.014477548 -0.061851002 2.949925900
-0.069988400 0.044473581 0.996555924 1.142380714 0.022930065 0.998813450 -0.042963948 -0.057875473 -0.997284174 0.019844120 -0.070925124 2.947323799
-0.076274969 0.049630716 0.995850861 1.177110195 0.026569620 0.998506904 -0.047728039 -0.059936743 -0.996732712 0.022818927 -0.077479750 2.944815636
-0.080025136 0.055015955 0.995273352 1.212466717 0.028830152 0.998185694 -0.052858844 -0.061507542 -0.996375859 0.024463847 -0.081466064 2.942278862
-0.082375012 0.058590230 0.994877636 1.249996543 0.030362504 0.997954488 -0.056257442 -0.064086191 -0.996138811 0.025572769 -0.083985455 2.938638687
-0.084540531 0.061340116 0.994530201 1.285212874 0.032254376 0.997748733 -0.058796830 -0.066130035 -0.995897889 0.027107235 -0.086328700 2.935394526
-0.087253012 0.065083534 0.994057834 1.320611477 0.032043237 0.997530520 -0.062498316 -0.068689585 -0.995670676 0.026399674 -0.089123055 2.932047844
-0.088899419 0.068420000 0.993687868 1.356921911 0.033007670 0.997292340 -0.065715194 -0.071747400 -0.995493531 0.026957281 -0.090917088 2.928431273
-0.091091633 0.069363527 0.993423820 1.392263412 0.036238723 0.997141421 -0.066300198 -0.074575461 -0.995182931 0.029961018 -0.093344890 2.924880743
-0.093502335 0.068805903 0.993238688 1.427803397 0.036037572 0.997189283 -0.065687038 -0.076568857 -0.994966686 0.029652020 -0.095719106 2.921597719
-0.095529549 0.068259321 0.993083477 1.467020273 0.036074288 0.997228146 -0.065074027 -0.079652704 -0.994772732 0.029608285 -0.097727165 2.918337822
-0.097097382 0.068924397 0.992885470 1.502848148 0.037029877 0.997158647 -0.065599762 -0.082906201 -0.994585812 0.030396862 -0.099373758 2.913619041
-0.099588633 0.071624883 0.992447495 1.541065097 0.035877917 0.997015774 -0.068354338 -0.085324474 -0.994381666 0.028799633 -0.101861201 2.910373688
-0.102539100 0.073512711 0.992008865 1.577226162 0.033849936 0.996945679 -0.070379667 -0.088149756 -0.994152904 0.026362766 -0.104714319 2.906900883
-0.104625002 0.076575816 0.991559267 1.613698840 0.032058451 0.996772826 -0.073595770 -0.091323182 -0.993994951 0.024087902 -0.106742255 2.902587414
-0.107131250 0.080895588 0.990948439 1.651987195 0.029923324 0.996495306 -0.078113392 -0.094313413 -0.993794501 0.021284083 -0.109176472 2.899313211
-0.109895274 0.083027340 0.990469337 1.687885284 0.027952576 0.996369004 -0.080420479 -0.097243063 -0.993550122 0.018848335 -0.111817077 2.895503283
-0.112777755 0.081709668 0.990254879 1.725170970 0.024760339 0.996534705 -0.079407930 -0.100164451 -0.993311763 0.015563595 -0.114410110 2.890873671
-0.115416668 0.078595005 0.990202844 1.766812921 0.021484235 0.996829093 -0.076616764 -0.102693349 -0.993084788 0.012430902 -0.116739243 2.886622190
-0.117350765 0.075935483 0.990183055 1.804052234 0.023939883 0.996998847 -0.073620960 -0.106522419 -0.992801905 0.015065392 -0.118816480 2.881795168
-0.120659098 0.077568017 0.989658773 1.842140079 0.021591160 0.996911585 -0.075504094 -0.108881459 -0.992459178 0.012257627 -0.121961273 2.878721714
-0.121326722 0.080335371 0.989356399 1.880038619 0.021909820 0.996693373 -0.078244291 -0.112150662 -0.992370784 0.012183500 -0.122685686 2.873541117
-0.121418186 0.083096460 0.989117086 1.921204925 0.023928696 0.996445060 -0.080774754 -0.115367197 -0.992312968 0.013860757 -0.122974962 2.868349552
-0.122114345 0.083718009 0.988978863 1.958972335 0.021244030 0.996428370 -0.081725501 -0.119045481 -0.992288649 0.011030043 -0.123456694 2.863573074
-0.121652655 0.082293533 0.989155412 1.999183416 0.019738520 0.996560574 -0.080482058 -0.122222096 -0.992376447 0.009733609 -0.122858599 2.858934879
-0.121118039 0.081969485 0.989247918 2.038042545 0.016415330 0.996613741 -0.080570020 -0.124870345 -0.992502391 0.006480347 -0.122053444 2.853810072
-0.121726364 0.082919575 0.989094138 2.077545166 0.012116515 0.996554196 -0.082053848 -0.128876284 -0.992489755 0.001996258 -0.122311652 2.849600792
-0.121647738 0.083767556 0.989032328 2.116522551 0.007232217 0.996480763 -0.083508886 -0.131969318 -0.992546976 -0.003005771 -0.121825472 2.844974041
-0.122423202 0.082796417 0.989018321 2.155377865 0.004496610 0.996550143 -0.082870349 -0.135658920 -0.992467761 -0.005698024 -0.122373179 2.840581417
-0.122542143 0.077863194 0.989404202 2.195859909 0.004748189 0.996952295 -0.077869110 -0.138760567 -0.992451966 -0.004844369 -0.122538358 2.835733891
-0.122795492 0.069362313 0.990005136 2.235836744 0.007360432 0.997590840 -0.068980843 -0.141982183 -0.992404699 -0.001183671 -0.123010196 2.830849171
-0.122598164 0.063101202 0.990448356 2.274722815 0.013204014 0.997992098 -0.061947413 -0.145418599 -0.992368579 0.005483254 -0.123185188 2.825799704
-0.120803997 0.065139957 0.990536928 2.313941956 0.022345601 0.997770250 -0.062890418 -0.148126811 -0.992424905 0.014536726 -0.121990234 2.819679737
-0.119450338 0.070648961 0.990323365 2.353406668 0.028065544 0.997306764 -0.067761935 -0.150801182 -0.992443502 0.019699775 -0.121111415 2.814517021
-0.119096331 0.077047266 0.989888787 2.393783808 0.031375825 0.996778846 -0.073808618 -0.153704047 -0.992386758 0.022268238 -0.121130116 2.810050488
-0.118569560 0.081141427 0.989624858 2.434111357 0.033239629 0.996421337 -0.077716149 -0.156896174 -0.992389262 0.023679994 -0.120842338 2.805383921
-0.119052671 0.078668132 0.989766657 2.473899603 0.029078869 0.996704817 -0.075721875 -0.160058469 -0.992461979 0.019766396 -0.120947979 2.800853968
-0.119099952 0.074019000 0.990119338 2.513972282 0.028590366 0.997059405 -0.071098723 -0.163191959 -0.992470562 0.019840021 -0.120865963 2.796246529
-0.118967712 0.072468027 0.990249991 2.554244757 0.026164610 0.997215390 -0.069834359 -0.166097343 -0.992553234 0.017601471 -0.120532535 2.791698217
-0.119251877 0.073100366 0.990169346 2.593513489 0.023820721 0.997209489 -0.070751250 -0.169024751 -0.992578149 0.015149329 -0.120660409 2.786891937
-0.118284717 0.078138717 0.989900529 2.633127213 0.024712289 0.996821940 -0.075732149 -0.172099859 -0.992672145 0.015504749 -0.119839802 2.782050133
-0.117781058 0.081255667 0.989709675 2.673203230 0.024094146 0.996587098 -0.078952983 -0.175027043 -0.992747247 0.014547041 -0.119336873 2.776986361
-0.117731921 0.080407813 0.989784718 2.714048386 0.023918806 0.996656835 -0.078121036 -0.178042203 -0.992757261 0.014477131 -0.119261563 2.772599697
-0.117168725 0.073183514 0.990411937 2.754146814 0.025099410 0.997180760 -0.070714369 -0.181565538 -0.992794752 0.016573243 -0.118675269 2.767735481
-0.118025087 0.071571462 0.990427971 2.794972181 0.025070621 0.997295916 -0.069080211 -0.184786499 -0.992694080 0.016677454 -0.119500302 2.763401270
-0.117291778 0.075044997 0.990257978 2.835363865 0.023018412 0.997078419 -0.072835423 -0.187398121 -0.992830694 0.014251173 -0.118676521 2.758451462
-0.118313372 0.079222277 0.989811003 2.875642061 0.021953693 0.996777356 -0.077155679 -0.189927101 -0.992733598 0.012601458 -0.119671308 2.754522085
-0.118570119 0.077901103 0.989885032 2.917049646 0.021269402 0.996888161 -0.075904533 -0.193627715 -0.992717922 0.012054260 -0.119858071 2.750310183
