0.999994934 -0.002329753 -0.002163624 0.000720169 0.002336836 0.999991894 0.003277005 -0.001130056 0.002155972 -0.003282045 0.999992251 0.054944139
0.999992669 -0.002189691 0.003131033 -0.006167884 0.002182201 0.999994755 0.002393766 -0.000660684 -0.003136259 -0.002386916 0.999992251 0.106223032
0.999990523 -0.001445612 -0.004097983 -0.001129073 0.001460690 0.999992132 0.003678837 -0.002030237 0.004092632 -0.003684788 0.999984860 0.161427632
0.999985695 -0.000537012 -0.005324032 -0.002142914 0.000556620 0.999993086 0.003682111 -0.002761555 0.005322018 -0.003685022 0.999979019 0.214757666
0.999978900 -0.000546796 -0.006473715 -0.002961933 0.000573425 0.999991357 0.004112120 -0.003493480 0.006471411 -0.004115746 0.999970555 0.267937124
0.999964833 -0.000623600 -0.008356577 -0.003509478 0.000658923 0.999990821 0.004224900 -0.003812651 0.008353865 -0.004230257 0.999956131 0.320836782
0.999945819 -0.003143165 -0.009923108 -0.004132987 0.003178391 0.999988675 0.003536103 -0.004503990 0.009911881 -0.003567452 0.999944448 0.376817733
0.999927700 -0.003898989 -0.011377434 -0.004887678 0.003946227 0.999983668 0.004132272 -0.005243689 0.011361138 -0.004176870 0.999926686 0.426771045
0.999923587 -0.002429787 -0.012123218 -0.006017200 0.002468311 0.999991953 0.003163768 -0.005366469 0.012115433 -0.003193449 0.999921560 0.480906188
0.999901295 -0.002572819 -0.013811454 -0.006756542 0.002631311 0.999987662 0.004218505 -0.006334356 0.013800430 -0.004254431 0.999895692 0.531743824
0.999891758 -0.001439160 -0.014640342 -0.007841329 0.001503395 0.999989390 0.004377509 -0.006334657 0.014633885 -0.004399047 0.999883235 0.586744428
0.999886334 -0.000376078 -0.015071500 -0.008807117 0.000451550 0.999987364 0.005004535 -0.007007388 0.015069427 -0.005010772 0.999873877 0.635104656
0.999886036 0.002554868 -0.014876824 -0.010140357 -0.002459056 0.999976099 0.006455087 -0.007673266 0.014892960 -0.006417769 0.999868453 0.689862490
0.999872088 0.001077393 -0.015958093 -0.010957058 -0.000984260 0.999982476 0.005842749 -0.007874127 0.015964108 -0.005826294 0.999855578 0.739847779
0.999870062 0.001474602 -0.016051665 -0.012044249 -0.001371786 0.999978542 0.006414460 -0.008635727 0.016060779 -0.006391607 0.999850571 0.792929888
0.999861360 0.002910627 -0.016394584 -0.013124073 -0.002806691 0.999975860 0.006359084 -0.008424992 0.016412698 -0.006312187 0.999845386 0.843714416
0.999865830 0.003142891 -0.016078971 -0.014080823 -0.003019548 0.999965906 0.007689595 -0.009085600 0.016102592 -0.007640012 0.999841154 0.894811749
0.999860942 0.004274761 -0.016120328 -0.015302074 -0.004173560 0.999971390 0.006306293 -0.009367164 0.016146829 -0.006238136 0.999850094 0.946270406
0.999851286 0.005670771 -0.016290128 -0.015975745 -0.005596291 0.999973655 0.004614071 -0.010448734 0.016315864 -0.004522219 0.999856651 0.997575760
0.999874055 0.003696690 -0.015435366 -0.017747615 -0.003631574 0.999984384 0.004244498 -0.010458064 0.015450818 -0.004187909 0.999871850 1.047374845
0.999879241 0.002914114 -0.015270839 -0.018207239 -0.002816414 0.999975443 0.006415453 -0.010498133 0.015289160 -0.006371669 0.999862790 1.098390937
0.999894500 0.002486158 -0.014309975 -0.019453730 -0.002371910 0.999965191 0.007995298 -0.011011942 0.014329356 -0.007960513 0.999865592 1.149389505
0.999895632 0.000777987 -0.014422033 -0.020943478 -0.000673181 0.999973357 0.007270512 -0.011277823 0.014427305 -0.007260046 0.999869525 1.197182894
0.999891877 0.000224059 -0.014702288 -0.021179879 -0.000151246 0.999987781 0.004953434 -0.011259095 0.014703218 -0.004950676 0.999879658 1.246974349
0.999909163 0.001905152 -0.013345129 -0.023129448 -0.001844544 0.999987960 0.004552455 -0.012362622 0.013353642 -0.004527426 0.999900520 1.293699622
0.999924183 0.002489937 -0.012061099 -0.024399541 -0.002448857 0.999991179 0.003419521 -0.012931891 0.012069506 -0.003389726 0.999921381 1.341306210
0.999942958 0.003293910 -0.010166405 -0.026025841 -0.003247197 0.999984205 0.004607925 -0.013472360 0.010181423 -0.004574650 0.999937713 1.388632655
0.999947846 0.003776094 -0.009482508 -0.025994899 -0.003712615 0.999970555 0.006703001 -0.014168388 0.009507541 -0.006667448 0.999932587 1.435399294
0.999957979 0.001350801 -0.009065460 -0.024123611 -0.001282890 0.999971032 0.007492982 -0.014519002 0.009075318 -0.007481036 0.999930859 1.481739163
0.999977291 0.004010656 -0.005414783 -0.026761105 -0.003961842 0.999951601 0.008995773 -0.015368245 0.005450599 -0.008974116 0.999944925 1.527213931
0.999993503 0.003030767 -0.001946827 -0.027640389 -0.003015647 0.999965549 0.007722996 -0.015621435 0.001970166 -0.007717075 0.999968290 1.572424889
0.999996066 0.002034493 0.001943429 -0.027530590 -0.002045655 0.999981225 0.005758828 -0.016159099 -0.001931676 -0.005762781 0.999981582 1.616502166
0.999984682 0.002313836 0.005025167 -0.027413454 -0.002334012 0.999989212 0.004012960 -0.016389223 -0.005015828 -0.004024628 0.999979317 1.660653114
0.999951899 0.002559058 0.009464104 -0.027489254 -0.002604905 0.999984920 0.004835254 -0.017145835 -0.009451587 -0.004859674 0.999943495 1.702676415
0.999875546 0.002768044 0.015531840 -0.028170181 -0.002838724 0.999985695 0.004530478 -0.017805936 -0.015519079 -0.004574005 0.999869049 1.745341301
0.999765396 0.003229562 0.021416567 -0.026543587 -0.003289346 0.999990761 0.002756867 -0.017548520 -0.021407465 -0.002826667 0.999766767 1.787162304
0.999562442 0.006116450 0.028939778 -0.025822051 -0.006220923 0.999974430 0.003521397 -0.018552043 -0.028917503 -0.003699888 0.999574900 1.828693509
0.999288976 0.007217448 0.037003819 -0.024384968 -0.007394221 0.999961793 0.004642544 -0.019231550 -0.036968902 -0.004912857 0.999304235 1.869478583
0.998811960 0.008787136 0.047930036 -0.023227565 -0.009080664 0.999941230 0.005909844 -0.020362232 -0.047875293 -0.006338061 0.998833179 1.910037279
0.998149157 0.010498613 0.059899993 -0.020102955 -0.010827038 0.999927998 0.005160941 -0.020223025 -0.059841499 -0.005799930 0.998191059 1.949096203
0.997124791 0.013451569 0.074573122 -0.017065093 -0.013904516 0.999887824 0.005557982 -0.020606369 -0.074489996 -0.006578904 0.997200072 1.989097118
0.995773256 0.014462374 0.090699509 -0.014804333 -0.015112678 0.999864697 0.006487173 -0.020691384 -0.090593427 -0.007830466 0.995857239 2.026591301
0.994008541 0.014738542 0.108304098 -0.010769263 -0.015613796 0.999851823 0.007237812 -0.021032477 -0.108181387 -0.008885483 0.994091451 2.064731598
0.991793156 0.014363628 0.127043590 -0.006057173 -0.015346153 0.999859273 0.006758286 -0.021670152 -0.126928672 -0.008652449 0.991874099 2.101986647
0.988950610 0.013781640 0.147603303 -0.001469851 -0.014759949 0.999875724 0.005534665 -0.021653466 -0.147508681 -0.007652127 0.989031136 2.138493538
0.985592723 0.011619414 0.168736085 0.005510896 -0.012674611 0.999906242 0.005177790 -0.022012223 -0.168660089 -0.007241857 0.985647678 2.178152561
0.981772840 0.005742373 0.189970955 0.012621075 -0.007130748 0.999952614 0.006625616 -0.022010377 -0.189923897 -0.007859484 0.981767356 2.213452101
0.976965010 0.001177717 0.213396221 0.019908577 -0.003104115 0.999957442 0.008692491 -0.022674795 -0.213376865 -0.009154666 0.976927102 2.248083830
0.971480191 -0.003791040 0.237090185 0.029358327 0.002042118 0.999968886 0.007621760 -0.022619998 -0.237111688 -0.006920223 0.971457660 2.285637856
0.964897215 -0.010000610 0.262437433 0.038450897 0.008822010 0.999944985 0.005668888 -0.022734003 -0.262479693 -0.003154669 0.964932382 2.319709539
0.957234502 -0.013678941 0.288989931 0.049120069 0.012448936 0.999903977 0.006093909 -0.022979926 -0.289045542 -0.002235683 0.957312703 2.354670763
0.948727012 -0.015952671 0.315693617 0.059839427 0.013893164 0.999864995 0.008773367 -0.023735946 -0.315791011 -0.003937548 0.948820591 2.387199879
0.938926876 -0.020268187 0.343519300 0.071511090 0.017410967 0.999783397 0.011400159 -0.024026522 -0.343676031 -0.004722912 0.939076364 2.419788361
0.927881777 -0.023216762 0.372151196 0.084361315 0.020454301 0.999726236 0.011369653 -0.024365554 -0.372313231 -0.002937599 0.928102434 2.451707840
0.915926337 -0.022296131 0.400726736 0.098092318 0.021074427 0.999750078 0.007456295 -0.024548599 -0.400792867 0.001615671 0.916167259 2.481764078
0.902778924 -0.024166130 0.429425448 0.112188458 0.025820402 0.999664664 0.001974525 -0.024992138 -0.429329187 0.009305378 0.903100073 2.512684822
0.888714015 -0.025655700 0.457743585 0.127896070 0.028805835 0.999584973 0.000098095 -0.025743209 -0.457556188 0.013098510 0.889084160 2.541637659
0.872752368 -0.026891807 0.487421811 0.144253194 0.029008565 0.999574065 0.003206787 -0.026157979 -0.487300426 0.011340676 0.873160720 2.572076321
0.855184078 -0.025341509 0.517704546 0.161441684 0.024397293 0.999665141 0.008632036 -0.026150402 -0.517749906 0.005248609 0.855515897 2.600012302
0.835455418 -0.025618069 0.548960805 0.179826617 0.022637298 0.999669313 0.012199682 -0.026518755 -0.549091816 0.002234699 0.835759044 2.628744602
0.813916147 -0.018849371 0.580676556 0.197715998 0.018346084 0.999808967 0.006739723 -0.026233088 -0.580692768 0.005167572 0.814106345 2.655448675
0.792479396 -0.012159925 0.609777510 0.218706369 0.015659140 0.999877393 -0.000411809 -0.026398478 -0.609697640 0.009874940 0.792572558 2.681112289
0.769504428 -0.010137411 0.638561010 0.238926411 0.015175059 0.999881923 -0.002413339 -0.026875205 -0.638461173 0.011547276 0.769567430 2.707054138
0.745842218 -0.012588088 0.666003704 0.259923100 0.016181439 0.999868691 0.000777225 -0.027305253 -0.665926099 0.010197212 0.745948017 2.731302500
0.721519649 -0.013009650 0.692271769 0.283054352 0.016939109 0.999855816 0.001135212 -0.027559213 -0.692186713 0.010907389 0.721635997 2.755143166
0.697051644 -0.011191752 0.716933489 0.306881309 0.017712334 0.999841690 -0.001613022 -0.028076950 -0.716802001 0.013822922 0.697139740 2.776442051
0.670616210 -0.008318066 0.741757870 0.329743743 0.017135633 0.999844015 -0.004279920 -0.028540261 -0.741606534 0.015580675 0.670654118 2.797315598
0.643239737 -0.006130967 0.765640378 0.353852749 0.015597044 0.999865353 -0.005097034 -0.029054657 -0.765506029 0.015220338 0.643248737 2.818212271
0.615310073 -0.004427975 0.788272798 0.379353881 0.015503030 0.999858797 -0.006484835 -0.029350566 -0.788132668 0.016210798 0.615291834 2.838109732
0.585812211 0.002382275 0.810443342 0.405226946 0.014432444 0.999806523 -0.013371097 -0.029704472 -0.810318351 0.019529629 0.585664451 2.858584404
0.555553794 0.011288511 0.831403971 0.432075381 0.013409616 0.999656141 -0.022533443 -0.030970842 -0.831372440 0.023667347 0.555211425 2.876901150
0.525493383 0.020064993 0.850560963 0.460777283 0.011612325 0.999459624 -0.030751878 -0.031952828 -0.850718379 0.026036903 0.524976432 2.893597603
0.492988557 0.025166608 0.869671762 0.488571644 0.009235288 0.999373972 -0.034155123 -0.032926753 -0.869986832 0.024869755 0.492447525 2.910630226
0.459998101 0.024463488 0.887582839 0.517994285 0.007738819 0.999471962 -0.031558089 -0.034164406 -0.887886167 0.021385504 0.459565938 2.926743269
0.426655740 0.023338949 0.904112875 0.548118591 0.002974637 0.999625444 -0.027208271 -0.035427362 -0.904409289 0.014297974 0.426426440 2.941421509
0.392068148 0.024442315 0.919611394 0.578922510 -0.000663452 0.999654174 -0.026286915 -0.036625117 -0.919935942 0.009696144 0.391948849 2.955320835
0.357727945 0.027287541 0.933427095 0.610509574 -0.007500615 0.999624670 -0.026348202 -0.037804026 -0.933795691 0.002424209 0.357798338 2.967209339
0.321082056 0.029121434 0.946603537 0.642591357 -0.011898906 0.999572277 -0.026714932 -0.038993459 -0.946976602 -0.002685858 0.321291208 2.979285955
0.284641683 0.028587511 0.958207607 0.675425470 -0.013931096 0.999572992 -0.025683297 -0.039792318 -0.958532691 -0.006038344 0.284918427 2.989982367
0.248492420 0.028293997 0.968220472 0.709055901 -0.014974924 0.999565959 -0.025366699 -0.041149329 -0.968518078 -0.008195595 0.248808295 2.998640776
0.212640792 0.027135123 0.976753592 0.742707670 -0.014165792 0.999594808 -0.024685757 -0.042777810 -0.977027774 -0.008587289 0.212939024 3.005970001
0.177148715 0.026234165 0.983834386 0.777255595 -0.011989840 0.999628007 -0.024496423 -0.043561131 -0.984111071 -0.007456508 0.177397400 3.012374401
0.142762899 0.025473507 0.989429057 0.812878728 -0.003803344 0.999675453 -0.025188532 -0.044728898 -0.989749610 -0.000167150 0.142813489 3.017338276
0.109095514 0.028744252 0.993615568 0.846979856 -0.001462683 0.999585390 -0.028756358 -0.046101570 -0.994030297 0.001683844 0.109092310 3.020917654
0.076437064 0.033437446 0.996513546 0.882119119 -0.000239603 0.999438226 -0.033517200 -0.047503781 -0.997074306 0.002323188 0.076402128 3.023814917
0.047480810 0.037637156 0.998162746 0.917621374 0.005896835 0.999261916 -0.037959095 -0.048896968 -0.998854756 0.007688330 0.047223821 3.025247335
0.022443565 0.035526574 0.999116600 0.953780532 0.008079294 0.999329388 -0.035715617 -0.050547462 -0.999715447 0.008873743 0.022141483 3.025649071
-0.000109484 0.032550115 0.999470115 0.989750743 0.009828601 0.999421835 -0.032547470 -0.052085966 -0.999951661 0.009819830 -0.000429343 3.025679111
-0.019269705 0.029916979 0.999366701 1.026134849 0.010059003 0.999507427 -0.029727237 -0.053433452 -0.999763727 0.009479797 -0.019561147 3.025372982
-0.035738427 0.033195857 0.998809695 1.062098742 0.011948316 0.999390900 -0.032787643 -0.054964080 -0.999289691 0.010762314 -0.036113296 3.024160862
-0.050437495 0.037543148 0.998021305 1.098269939 0.014869446 0.999210715 -0.036836427 -0.056393281 -0.998616517 0.012982088 -0.050955936 3.022228241
-0.061947122 0.042711269 0.997165143 1.134849191 0.019027531 0.998952925 -0.041605789 -0.058027007 -0.997897983 0.016396234 -0.062694952 3.019445896
-0.070838705 0.045627031 0.996443689 1.170725346 0.024470590 0.998732150 -0.043992165 -0.060577124 -0.997187555 0.021267217 -0.071865410 3.016761541
-0.076927595 0.051018391 0.995730519 1.205837846 0.027860230 0.998409927 -0.049003270 -0.062431119 -0.996647298 0.023971576 -0.078226663 3.013814688
-0.080176622 0.056135010 0.995198786 1.243511677 0.030184401 0.998091757 -0.053866442 -0.064216621 -0.996323645 0.025720643 -0.081718042 3.010720730
-0.082650639 0.059950490 0.994773805 1.280542016 0.032454163 0.997821391 -0.057437710 -0.066378176 -0.996049881 0.027537290 -0.084416248 3.007608175
-0.086222962 0.063041195 0.994279325 1.316904902 0.032307427 0.997648060 -0.060453117 -0.068857148 -0.995751858 0.026910163 -0.088056870 3.004943132
-0.088020451 0.066957474 0.993865848 1.355065584 0.034375276 0.997348189 -0.064147696 -0.071098618 -0.995525360 0.028518105 -0.090088710 3.001169443
-0.090355217 0.070699841 0.993396997 1.391570330 0.035062551 0.997084379 -0.067773126 -0.073713668 -0.995292187 0.028707368 -0.092570707 2.997932196
-0.093510367 0.071988031 0.993012369 1.428929448 0.038014520 0.996913433 -0.068691082 -0.076509409 -0.994892359 0.031325556 -0.095958322 2.995574951
-0.094661199 0.070403643 0.993016899 1.468681335 0.038360149 0.997013271 -0.067030229 -0.079892501 -0.994770229 0.031747114 -0.097079165 2.990741491
-0.095591962 0.069490172 0.992992103 1.506828547 0.038933069 0.997058034 -0.066026762 -0.083371326 -0.994658887 0.032348603 -0.098016180 2.985416889
-0.097973555 0.071093179 0.992646456 1.544200540 0.038456436 0.996970594 -0.067607254 -0.085673839 -0.994445682 0.031549919 -0.100410752 2.981902361
-0.100353673 0.073526487 0.992231429 1.583057046 0.037025370 0.996850908 -0.070124090 -0.088287741 -0.994262695 0.029700525 -0.102760002 2.978284359
-0.104056314 0.074896149 0.991747379 1.619633555 0.035488162 0.996805251 -0.071554616 -0.091590665 -0.993938088 0.027749587 -0.106381811 2.975031614
-0.106009357 0.078479573 0.991263330 1.658373475 0.033798050 0.996589005 -0.075286716 -0.094929963 -0.993790567 0.025521670 -0.108300231 2.970856428
-0.108720601 0.082811296 0.990617037 1.696537614 0.030299535 0.996337235 -0.079964072 -0.097850762 -0.993610442 0.021321494 -0.110831529 2.967280149
-0.112965420 0.085420698 0.989920199 1.733364582 0.028280251 0.996170461 -0.082732812 -0.100978553 -0.993196309 0.018649248 -0.114948533 2.965502024
-0.113699868 0.083081864 0.990035176 1.775275230 0.025392367 0.996414840 -0.080701053 -0.105216391 -0.993190587 0.015963636 -0.115401879 2.957766771
-0.116104662 0.078746125 0.990110517 1.814712524 0.024598451 0.996774435 -0.076391593 -0.108528525 -0.992932260 0.015485763 -0.117667191 2.953019619
-0.119007811 0.077538244 0.989861131 1.853520632 0.023793234 0.996882558 -0.075227670 -0.111711167 -0.992608130 0.014599317 -0.120481685 2.949200630
-0.121518046 0.078245215 0.989500403 1.894569159 0.021929191 0.996856451 -0.076133825 -0.114642166 -0.992346942 0.012447310 -0.122851886 2.944652796
-0.122912139 0.080883570 0.989116073 1.933508515 0.022924753 0.996638656 -0.078649990 -0.117921755 -0.992152691 0.013008201 -0.124353230 2.940100431
-0.124541894 0.083748899 0.988673568 1.972514868 0.022879118 0.996408880 -0.081522092 -0.121001668 -0.991950572 0.012467063 -0.126010746 2.936352968
-0.123633675 0.084283374 0.988742113 2.013888597 0.022001982 0.996374488 -0.082182810 -0.124888435 -0.992083967 0.011593726 -0.125039816 2.930007219
-0.123407774 0.082499757 0.988920867 2.054447651 0.019832032 0.996544302 -0.080660895 -0.128564864 -0.992157876 0.009658127 -0.124617450 2.925254107
-0.123725414 0.082388863 0.988890350 2.094500780 0.015557935 0.996585906 -0.081083484 -0.131889015 -0.992194593 0.005353004 -0.124584794 2.920649290
-0.122863442 0.083228223 0.988927543 2.136590004 0.012604912 0.996527731 -0.082301818 -0.135668531 -0.992343545 0.002353460 -0.123485908 2.914689064
-0.123525791 0.083623789 0.988811672 2.177483797 0.007846400 0.996494234 -0.083293296 -0.139044046 -0.992310345 -0.002530259 -0.123748869 2.910517693
-0.123785041 0.082511663 0.988872707 2.219040155 0.004715583 0.996574640 -0.082564019 -0.143188417 -0.992297828 -0.005557079 -0.123750113 2.905535698
-0.124566123 0.078255884 0.989120424 2.259736061 0.004723314 0.996920347 -0.078278154 -0.146025315 -0.992200017 -0.005078880 -0.124552108 2.900856733
-0.124789946 0.069831736 0.989722669 2.302027464 0.007622763 0.997558177 -0.069423459 -0.149249896 -0.992153943 -0.001118929 -0.125017524 2.895399570
-0.124738388 0.063345052 0.990165532 2.341897726 0.013100823 0.997978091 -0.062194452 -0.153149456 -0.992103159 0.005213949 -0.125316039 2.890330076
-0.123153865 0.065980598 0.990191698 2.382935524 0.022188688 0.997720957 -0.063722596 -0.155820057 -0.992139518 0.014123368 -0.124337196 2.884130716
-0.122563824 0.070847832 0.989928663 2.424713135 0.027605025 0.997306287 -0.067958035 -0.159138381 -0.992076695 0.018997811 -0.124189407 2.879056215
-0.121145017 0.077438779 0.989609718 2.465785027 0.031028340 0.996760488 -0.074199975 -0.161665648 -0.992149770 0.021716984 -0.123155393 2.873559952
-0.121206135 0.081793167 0.989251733 2.508171558 0.032203645 0.996398628 -0.078438401 -0.165134102 -0.992104888 0.022350293 -0.123403668 2.869282007
-0.120469399 0.078754693 0.989588141 2.549568653 0.029047633 0.996700883 -0.075784586 -0.168626994 -0.992291927 0.019615470 -0.122359611 2.863335133
-0.120569170 0.073972426 0.989944994 2.591438293 0.028601624 0.997064650 -0.071020938 -0.172041297 -0.992292821 0.019751102 -0.122330986 2.858628511
-0.120095022 0.072576217 0.990105987 2.633646011 0.026282681 0.997207105 -0.069908790 -0.175014302 -0.992414355 0.017626943 -0.121667117 2.853477001
-0.120326661 0.073215947 0.990030766 2.674891233 0.024218561 0.997196317 -0.070802391 -0.178060040 -0.992438793 0.015457705 -0.121762499 2.848437309
-0.119166814 0.078316674 0.989780664 2.717620373 0.025182411 0.996801913 -0.075840339 -0.181423098 -0.992554843 0.015887413 -0.120757923 2.843073130
-0.119153768 0.081025518 0.989564121 2.760364294 0.024776297 0.996596873 -0.078618027 -0.184808284 -0.992566586 0.015150104 -0.120755784 2.838446379
-0.118642949 0.080531731 0.989665806 2.802398682 0.024803998 0.996635079 -0.078125253 -0.187786087 -0.992627144 0.015278659 -0.120241195 2.833335161
-0.117840707 0.073426411 0.990314126 2.845089674 0.026326798 0.997143090 -0.070800029 -0.191400439 -0.992683411 0.017728675 -0.119437136 2.827897310
-0.118253522 0.071982570 0.990370870 2.888834000 0.025936581 0.997252703 -0.069385834 -0.194667563 -0.992644668 0.017481720 -0.119795628 2.822663784
-0.118660368 0.075651243 0.990048707 2.931888342 0.022979748 0.997035623 -0.073430926 -0.197525918 -0.992669046 0.014037732 -0.120047040 2.818295240
-0.118733943 0.078457236 0.989821494 2.974274635 0.022625007 0.996828318 -0.076298632 -0.201126814 -0.992668331 0.013335482 -0.120132446 2.813546419
-0.117913865 0.077817380 0.989970207 3.021127224 0.022293067 0.996881127 -0.075705327 -0.204521269 -0.992773533 0.013142766 -0.119280897 2.808063507
