0.999996662 -0.002246748 -0.001270908 -0.000361336 0.002250604 0.999992788 0.003040151 -0.000918115 0.001264069 -0.003043001 0.999994576 0.058310807
0.999993801 -0.002516270 -0.002469397 -0.000999429 0.002526416 0.999988317 0.004114201 -0.001709786 0.002459016 -0.004120414 0.999988496 0.115742400
0.999991775 -0.001300663 -0.003835884 -0.001789429 0.001314547 0.999992609 0.003619237 -0.002016351 0.003831149 -0.003624249 0.999986112 0.173034698
0.999985278 -0.000379373 -0.005416650 -0.002287359 0.000399758 0.999992847 0.003762926 -0.002858155 0.005415183 -0.003765035 0.999978244 0.230395615
0.999975860 -0.000610575 -0.006924313 -0.002816897 0.000637128 0.999992430 0.003833257 -0.003367895 0.006921920 -0.003837577 0.999968708 0.287667274
0.999971390 -0.000811696 -0.007523895 -0.004257786 0.000843506 0.999990702 0.004225637 -0.003964435 0.007520396 -0.004231862 0.999962747 0.346271396
0.999948263 -0.002569732 -0.009841679 -0.004592931 0.002605757 0.999989927 0.003649322 -0.004733857 0.009832201 -0.003674779 0.999944866 0.400850117
0.999923229 -0.004755198 -0.011438882 -0.005182378 0.004811979 0.999976218 0.004941453 -0.005641258 0.011415113 -0.004996119 0.999922335 0.459700137
0.999914706 -0.003378594 -0.012615411 -0.006207914 0.003426501 0.999987006 0.003777770 -0.005858260 0.012602483 -0.003820676 0.999913275 0.513942361
0.999884725 -0.002888384 -0.014900214 -0.006213144 0.002942897 0.999989033 0.003637869 -0.006701694 0.014889542 -0.003681300 0.999882340 0.573454201
0.999898195 -0.001327347 -0.014207119 -0.008359706 0.001391694 0.999988794 0.004520321 -0.006975690 0.014200962 -0.004539633 0.999888837 0.625607550
0.999886870 -0.001213446 -0.014990933 -0.008986878 0.001298849 0.999982953 0.005688552 -0.007830257 0.014983776 -0.005707380 0.999871433 0.683328867
0.999878407 0.001211785 -0.015548315 -0.010449702 -0.001118161 0.999981225 0.006028743 -0.007659859 0.015555326 -0.006010625 0.999860942 0.737222314
0.999873459 0.001553164 -0.015833432 -0.011691540 -0.001466805 0.999984026 0.005464398 -0.007545385 0.015841665 -0.005440484 0.999859691 0.793981194
0.999861181 0.002741151 -0.016433703 -0.012682649 -0.002645038 0.999979258 0.005867372 -0.008592804 0.016449442 -0.005823090 0.999847770 0.846786857
0.999855280 0.001726349 -0.016928189 -0.013062140 -0.001628557 0.999981940 0.005788907 -0.008749887 0.016937876 -0.005760501 0.999839962 0.904210508
0.999866903 0.003047935 -0.016025150 -0.015166089 -0.002926026 0.999966681 0.007625267 -0.009524116 0.016047856 -0.007577363 0.999842525 0.957200766
0.999855280 0.004579126 -0.016386000 -0.016088437 -0.004471513 0.999968171 0.006598075 -0.010027452 0.016415693 -0.006523850 0.999843955 1.010886192
0.999838471 0.005171450 -0.017213365 -0.016547309 -0.005094167 0.999976695 0.004530510 -0.010492828 0.017236391 -0.004442091 0.999841571 1.064446926
0.999869704 0.003176756 -0.015826993 -0.018236304 -0.003113695 0.999987125 0.004007415 -0.010562406 0.015839517 -0.003957613 0.999866664 1.118705153
0.999874890 0.002445696 -0.015630053 -0.019164799 -0.002351016 0.999978781 0.006073080 -0.010742268 0.015644575 -0.006035574 0.999859333 1.173007131
0.999880135 0.000597456 -0.015474154 -0.020107051 -0.000478853 0.999970496 0.007667150 -0.011524149 0.015478274 -0.007658820 0.999850810 1.225910068
0.999883771 -0.000085776 -0.015246521 -0.021255001 0.000200103 0.999971867 0.007497191 -0.012277189 0.015245448 -0.007499371 0.999855578 1.277939558
0.999877989 0.000436975 -0.015617140 -0.021673273 -0.000358903 0.999987423 0.005001616 -0.012165831 0.015619129 -0.004995400 0.999865472 1.330364108
0.999897122 0.000369226 -0.014337084 -0.023408724 -0.000307643 0.999990761 0.004297353 -0.013035877 0.014338538 -0.004292501 0.999887943 1.382223129
0.999909103 0.001665784 -0.013379090 -0.024097389 -0.001614543 0.999991238 0.003839825 -0.013843665 0.013385370 -0.003817875 0.999903083 1.431755781
0.999924004 0.002290281 -0.012113348 -0.025084451 -0.002231243 0.999985516 0.004885095 -0.014373749 0.012124361 -0.004857696 0.999914706 1.482263446
0.999936998 0.002862376 -0.010850186 -0.025165908 -0.002792559 0.999975324 0.006444360 -0.014648471 0.010868365 -0.006413655 0.999920368 1.534545660
0.999958277 0.002330761 -0.008827606 -0.026646134 -0.002261586 0.999966741 0.007838153 -0.015305429 0.008845581 -0.007817863 0.999930322 1.581283092
0.999975324 0.002218938 -0.006650074 -0.026241722 -0.002163904 0.999963403 0.008271491 -0.015877655 0.006668185 -0.008256898 0.999943733 1.628361940
0.999991834 0.002055322 -0.003471352 -0.026613038 -0.002028633 0.999968469 0.007674709 -0.016046520 0.003487016 -0.007667604 0.999964535 1.676519752
0.999998569 0.001615331 0.000486150 -0.027656374 -0.001618411 0.999978185 0.006403983 -0.017041931 -0.000475795 -0.006404760 0.999979317 1.724222302
0.999992549 0.001507344 0.003559716 -0.026958087 -0.001523717 0.999988258 0.004601123 -0.018025080 -0.003552739 -0.004606513 0.999983072 1.767280579
0.999966085 0.001786586 0.008040511 -0.027780998 -0.001829569 0.999984026 0.005341658 -0.018381303 -0.008030839 -0.005356188 0.999953449 1.813766003
0.999905407 0.002166189 0.013581649 -0.027517918 -0.002238055 0.999983549 0.005278479 -0.018768564 -0.013569992 -0.005308376 0.999893844 1.862119794
0.999794066 0.003185524 0.020039011 -0.026835632 -0.003267740 0.999986351 0.004071393 -0.019184293 -0.020025767 -0.004136036 0.999790907 1.906801820
0.999609828 0.005003608 0.027480703 -0.025917843 -0.005120779 0.999978185 0.004195021 -0.019774597 -0.027459111 -0.004334107 0.999613523 1.950951815
0.999313533 0.006412590 0.036485642 -0.024964683 -0.006594185 0.999966502 0.004859002 -0.019733910 -0.036453258 -0.005096259 0.999322355 1.994482636
0.998892128 0.008213753 0.046338663 -0.023166440 -0.008493287 0.999946892 0.005838738 -0.021010036 -0.046288256 -0.006225837 0.998908699 2.039024591
0.998197973 0.010825995 0.059022795 -0.020474918 -0.011191088 0.999920189 0.005858570 -0.021321366 -0.058954664 -0.006508542 0.998239398 2.082018852
0.997114003 0.013560664 0.074697517 -0.018740848 -0.014080254 0.999880195 0.006433707 -0.022459926 -0.074601315 -0.007466900 0.997185409 2.124450684
0.995710075 0.015982810 0.091136217 -0.015992641 -0.016703863 0.999834836 0.007154481 -0.021448497 -0.091006815 -0.008646116 0.995812654 2.163867712
0.993944526 0.015919803 0.108724944 -0.011669815 -0.016886717 0.999825597 0.007978216 -0.022136513 -0.108578987 -0.009765910 0.994039834 2.210325956
0.991671622 0.015203694 0.127891794 -0.006358087 -0.016261671 0.999841690 0.007232304 -0.022930037 -0.127761588 -0.009251804 0.991761744 2.251655817
0.988902926 0.014301108 0.147873506 -0.000470400 -0.015335612 0.999865174 0.005858034 -0.023184821 -0.147769839 -0.008060757 0.988988936 2.290395260
0.985529244 0.011705705 0.169101164 0.005256891 -0.012842822 0.999901712 0.005632267 -0.023020975 -0.169018611 -0.007722500 0.985582530 2.329538107
0.981687129 0.006179003 0.190399989 0.013652503 -0.007823083 0.999938309 0.007884436 -0.023664203 -0.190339535 -0.009229565 0.981674910 2.371007919
0.976848066 0.001143303 0.213930696 0.021678835 -0.003193369 0.999952197 0.009237513 -0.024112865 -0.213909924 -0.009706807 0.976805151 2.409530401
0.971315026 -0.003516548 0.237770021 0.031354666 0.001570204 0.999963760 0.008374725 -0.023877343 -0.237790868 -0.007761150 0.971285343 2.448239326
0.964957774 -0.009982988 0.262214929 0.041065633 0.008575510 0.999942005 0.006511457 -0.024151197 -0.262264729 -0.004034655 0.964987516 2.481819868
0.957468092 -0.013161875 0.288238823 0.053356886 0.011552743 0.999906659 0.007283085 -0.024337078 -0.288307905 -0.003643371 0.957530797 2.520965815
0.948701322 -0.016585389 0.315738499 0.064513922 0.014327661 0.999852479 0.009470725 -0.024723329 -0.315849096 -0.004461095 0.948798954 2.557330132
0.938931584 -0.020449532 0.343495846 0.077699125 0.017370338 0.999776602 0.012039177 -0.024436809 -0.343665361 -0.005337324 0.939077020 2.592735291
0.927932262 -0.023226650 0.372024477 0.091410816 0.020413492 0.999725461 0.011499076 -0.024448354 -0.372189432 -0.003076045 0.928151667 2.627087831
0.915575147 -0.022655807 0.401508212 0.104993105 0.021399446 0.999742031 0.007614191 -0.024629720 -0.401577115 0.001620690 0.915823817 2.660070658
0.902347445 -0.023397235 0.430373788 0.121051371 0.024896385 0.999687731 0.002148677 -0.024800941 -0.430289686 0.008775897 0.902648211 2.693552256
0.888114035 -0.025848553 0.458895683 0.137725234 0.029111816 0.999576271 -0.000037085 -0.025611665 -0.458700240 0.013392219 0.888490081 2.725202322
0.872565925 -0.026049241 0.487801254 0.155149341 0.027948331 0.999603689 0.003386936 -0.026158391 -0.487696111 0.010677905 0.872948170 2.755796671
0.855011523 -0.025328457 0.517990112 0.175315619 0.024644973 0.999662638 0.008201267 -0.025584247 -0.518023074 0.005753674 0.855347276 2.788934231
0.835789204 -0.025204618 0.548471689 0.194761753 0.022326203 0.999679744 0.011917736 -0.026144564 -0.548596382 0.002284577 0.836084187 2.816040516
0.813856840 -0.018760413 0.580762446 0.213912368 0.018338906 0.999810100 0.006597539 -0.026018342 -0.580775917 0.005281094 0.814046323 2.846249104
0.792408049 -0.013144243 0.609849632 0.236686468 0.016009359 0.999871492 0.000748724 -0.027794469 -0.609781265 0.009170007 0.792516828 2.875194788
0.769278765 -0.010188153 0.638831973 0.258035421 0.015371511 0.999878526 -0.002564150 -0.026821936 -0.638728321 0.011792359 0.769342005 2.903288364
0.746346116 -0.013155297 0.665427923 0.282150149 0.016016155 0.999870062 0.001803339 -0.028328322 -0.665365219 0.009311683 0.746459961 2.928575754
0.721912205 -0.012974991 0.691863060 0.306563854 0.016501797 0.999862671 0.001532613 -0.028022302 -0.691787958 0.010310575 0.722027063 2.953431129
0.697045803 -0.011031069 0.716941893 0.331904054 0.017675314 0.999842167 -0.001800942 -0.028004870 -0.716808736 0.013927513 0.697130620 2.977673054
0.670825541 -0.008788951 0.741563261 0.356996775 0.017374337 0.999841571 -0.003866950 -0.028817898 -0.741411746 0.015478215 0.670871913 3.000365019
0.643630445 -0.006373608 0.765309870 0.384053349 0.016140074 0.999855995 -0.005246968 -0.029048046 -0.765166044 0.015729267 0.643640757 3.023739576
0.616192281 -0.004308931 0.787583947 0.411490083 0.015436955 0.999858975 -0.006607307 -0.029473051 -0.787444413 0.016229272 0.616171837 3.044050694
0.586204588 0.001402843 0.810161829 0.439501524 0.014663565 0.999816239 -0.012341279 -0.030665059 -0.810030341 0.019114373 0.586076319 3.066762447
0.555509746 0.010853727 0.831439137 0.468522668 0.014016328 0.999650538 -0.022414317 -0.031067636 -0.831391811 0.024105096 0.555163443 3.087397337
0.525108814 0.018939111 0.850824356 0.497875214 0.012468426 0.999473810 -0.029943224 -0.032873485 -0.850943744 0.026331890 0.524596393 3.104897499
0.493393123 0.024428295 0.869463265 0.529294014 0.010396640 0.999368429 -0.033977855 -0.032914307 -0.869744301 0.025803937 0.492827535 3.122863054
0.461465687 0.023446325 0.886848152 0.561195254 0.008958890 0.999476552 -0.031085679 -0.034413517 -0.887112856 0.022290144 0.461014032 3.139145136
0.427843392 0.022717334 0.903567314 0.593487620 0.004592815 0.999616563 -0.027306905 -0.035362586 -0.903841197 0.015832998 0.427574962 3.154944897
0.394193470 0.023578195 0.918724895 0.627037525 0.000621498 0.999663711 -0.025922081 -0.036771819 -0.919027269 0.010789300 0.394046277 3.168988705
0.357932031 0.026664268 0.933366835 0.659786105 -0.006481261 0.999639034 -0.026072055 -0.038265854 -0.933725178 0.003282629 0.357975602 3.183393002
0.321911693 0.028600140 0.946337640 0.694495499 -0.011768837 0.999587238 -0.026206089 -0.039637998 -0.946696460 -0.002701245 0.322115481 3.195795774
0.285943449 0.027995273 0.957837462 0.730007589 -0.013698156 0.999590397 -0.025126291 -0.040551119 -0.958148599 -0.005935908 0.286209881 3.206870556
0.249925002 0.027425740 0.967876732 0.765969098 -0.013935716 0.999597132 -0.024726091 -0.041802146 -0.968165040 -0.007308386 0.250206500 3.216246128
0.213755697 0.026881395 0.976517379 0.802919686 -0.013734434 0.999605238 -0.024510548 -0.043193284 -0.976790607 -0.008172642 0.214040503 3.224523783
0.178480655 0.026194399 0.983594835 0.840043485 -0.011866103 0.999630153 -0.024468252 -0.044127673 -0.983871877 -0.007304325 0.178725451 3.231211185
0.143725976 0.025036136 0.989300787 0.878285408 -0.003253680 0.999686480 -0.024826271 -0.045477021 -0.989612162 0.000349312 0.143762350 3.236829758
0.109740913 0.028392369 0.993554652 0.915927589 -0.001388845 0.999595404 -0.028411591 -0.047035631 -0.993959308 0.001738020 0.109735951 3.240958214
0.077270448 0.033222534 0.996456504 0.954523802 -0.000165978 0.999445081 -0.033309311 -0.048486680 -0.997010171 0.002408436 0.077233084 3.243971825
0.048388161 0.037099827 0.998139381 0.992771268 0.006821749 0.999274373 -0.037472717 -0.049975172 -0.998805344 0.008622292 0.048099965 3.245388031
0.023022573 0.035515718 0.999103904 1.032098889 0.008719577 0.999323666 -0.035724442 -0.051515918 -0.999696910 0.009534232 0.022697324 3.246248245
0.001024449 0.031954449 0.999488890 1.070779920 0.010490260 0.999433994 -0.031963445 -0.053263940 -0.999944448 0.010517643 0.000688661 3.246347666
-0.018533615 0.029546872 0.999391556 1.110504150 0.010543931 0.999513447 -0.029354939 -0.054760396 -0.999772668 0.009993461 -0.018836137 3.246073008
-0.035217512 0.032895174 0.998838127 1.149788737 0.012689384 0.999392271 -0.032466013 -0.056259371 -0.999299109 0.011531265 -0.035613529 3.245047092
-0.049273074 0.037175823 0.998093247 1.188919902 0.014899231 0.999223173 -0.036482379 -0.057845458 -0.998674333 0.013073222 -0.049788691 3.242647886
-0.061179746 0.042552706 0.997219265 1.227891922 0.019802982 0.998945832 -0.041411459 -0.059315808 -0.997930229 0.017214373 -0.061957926 3.239757776
-0.070382230 0.045981809 0.996459723 1.267052531 0.024540735 0.998714387 -0.044352490 -0.061333735 -0.997218192 0.021332227 -0.071420193 3.237156391
-0.075829551 0.051584240 0.995785534 1.306943774 0.028281566 0.998370469 -0.049564481 -0.063367188 -0.996719599 0.024403920 -0.077164866 3.233561754
-0.079253122 0.056046609 0.995277703 1.345410943 0.031261105 0.998066843 -0.053714383 -0.065916121 -0.996364176 0.026856450 -0.080851987 3.229990244
-0.081638776 0.059778020 0.994867623 1.385439873 0.032095045 0.997839630 -0.057322882 -0.068519793 -0.996145070 0.027250558 -0.083380982 3.225892305
-0.084796451 0.062839292 0.994414806 1.425498366 0.033682723 0.997619689 -0.060169604 -0.071180128 -0.995828807 0.028392432 -0.086711213 3.223233461
-0.086947478 0.066557325 0.993987024 1.464160681 0.035273924 0.997345626 -0.063696682 -0.073348626 -0.995588183 0.029523557 -0.089064434 3.219413996
-0.089376934 0.070152953 0.993524194 1.504747391 0.035907634 0.997094870 -0.067174859 -0.076558530 -0.995350420 0.029671222 -0.091636322 3.216181278
-0.091461308 0.071401827 0.993245482 1.543360710 0.039268676 0.996908844 -0.068049200 -0.079442024 -0.995034158 0.032779571 -0.093982428 3.212647676
-0.094091333 0.070767209 0.993045211 1.582901239 0.039143953 0.996962130 -0.067337446 -0.081821166 -0.994793773 0.032535851 -0.096575588 3.208983421
-0.095667526 0.070024408 0.992947280 1.624383092 0.038641654 0.997031927 -0.066589460 -0.085211702 -0.994663060 0.031998679 -0.098089434 3.204544067
-0.097793892 0.071300946 0.992649257 1.665621996 0.038492523 0.996954918 -0.067817993 -0.087982550 -0.994461954 0.031577393 -0.100240663 3.199559212
-0.101167455 0.073543578 0.992147386 1.702287674 0.038435329 0.996808350 -0.069969900 -0.091159992 -0.994126678 0.031054834 -0.103671245 3.197977304
-0.102891900 0.075627394 0.991813481 1.745713949 0.036559071 0.996719301 -0.072208807 -0.094336212 -0.994020462 0.028830066 -0.105319217 3.192293644
-0.105563857 0.079474196 0.991231680 1.786583185 0.034080394 0.996504903 -0.076267511 -0.097239107 -0.993828356 0.025730474 -0.107903391 3.188383818
-0.107605815 0.083228335 0.990703821 1.826320529 0.031286776 0.996279716 -0.080298521 -0.100752480 -0.993701220 0.022355340 -0.109809436 3.184012175
-0.109801739 0.085886270 0.990235865 1.867131114 0.028781926 0.996116817 -0.083204865 -0.103944421 -0.993536711 0.019364864 -0.111847341 3.179053545
-0.112899676 0.084750943 0.989985287 1.908087492 0.025807016 0.996269584 -0.082345873 -0.107155316 -0.993271172 0.016251743 -0.114665672 3.174718142
-0.115906902 0.080135986 0.990022123 1.949602604 0.023922844 0.996676147 -0.077873819 -0.110979371 -0.992971957 0.014658030 -0.117438741 3.170273066
-0.118501067 0.078447185 0.989850223 1.990698695 0.025646387 0.996783495 -0.075926371 -0.114503659 -0.992622674 0.016388725 -0.120131813 3.165997028
-0.121682301 0.078746349 0.989440501 2.029711723 0.024813129 0.996777713 -0.076278761 -0.117978998 -0.992258906 0.015269339 -0.123244159 3.162121296
-0.121396206 0.082084410 0.989204288 2.074186563 0.024430782 0.996519983 -0.079693295 -0.120980382 -0.992303550 0.014492567 -0.122979134 3.155424833
-0.122343726 0.085029021 0.988838732 2.114026785 0.025153648 0.996268928 -0.082555801 -0.124599896 -0.992168963 0.014772715 -0.124026038 3.150485754
-0.122799166 0.086052321 0.988693714 2.157179832 0.023929937 0.996200860 -0.083733521 -0.127937794 -0.992142916 0.013376974 -0.124391869 3.145609379
-0.122775398 0.084389858 0.988839984 2.199505329 0.021091627 0.996374965 -0.082414135 -0.131785303 -0.992210329 0.010737815 -0.124110252 3.140532017
-0.122839004 0.084011294 0.988864303 2.242152214 0.016818944 0.996443689 -0.082565919 -0.135191053 -0.992284060 0.006489338 -0.123815134 3.135262489
-0.123101056 0.085531980 0.988701344 2.284441471 0.012890163 0.996332645 -0.084587224 -0.138435587 -0.992310405 0.002331743 -0.123752117 3.130294800
-0.123551965 0.084875867 0.988701701 2.327064753 0.009790059 0.996391237 -0.084312566 -0.143206224 -0.992289782 -0.000737538 -0.123937033 3.126042128
-0.123517975 0.083635531 0.988811672 2.369384527 0.006802713 0.996489882 -0.083435208 -0.147290409 -0.992318988 -0.003579148 -0.123653382 3.120510340
-0.124317661 0.080867432 0.988941669 2.412932873 0.006760056 0.996719182 -0.080653638 -0.149104238 -0.992219448 -0.003341369 -0.124456480 3.115558624
-0.123875357 0.070652269 0.989779353 2.457981586 0.010969414 0.997498572 -0.069830410 -0.154073074 -0.992237151 0.002207035 -0.124340504 3.109688520
-0.124099135 0.064563870 0.990167081 2.501180649 0.015824677 0.997882783 -0.063083634 -0.157737315 -0.992143571 0.007840450 -0.124858089 3.104130268
-0.122552380 0.067770883 0.990145445 2.545087337 0.025432885 0.997552574 -0.065129995 -0.160513744 -0.992136121 0.017200420 -0.123976037 3.097975016
-0.121453390 0.073869452 0.989844620 2.588353634 0.030853149 0.997025967 -0.070619725 -0.163179755 -0.992117465 0.021962821 -0.123371281 3.092199087
-0.120262355 0.079208389 0.989577174 2.632681131 0.035106748 0.996527672 -0.075498238 -0.166696355 -0.992121220 0.025661238 -0.122625537 3.086450100
-0.119242437 0.083246343 0.989369094 2.676531553 0.035949703 0.996187449 -0.079487242 -0.170502529 -0.992214203 0.026089272 -0.121780492 3.080675125
-0.119193599 0.081084482 0.989554644 2.720538855 0.033361703 0.996423960 -0.077628903 -0.173818082 -0.992310405 0.023760356 -0.121472500 3.075503588
-0.118584655 0.075820342 0.990044951 2.764657021 0.032784369 0.996835709 -0.072413571 -0.177733481 -0.992402554 0.023870859 -0.120695129 3.069936752
-0.118135944 0.073874317 0.990245640 2.810162067 0.030644050 0.997025013 -0.070724249 -0.181133240 -0.992524385 0.021990063 -0.120048314 3.064529419
-0.119114555 0.074257426 0.990099788 2.852274418 0.028588898 0.997042298 -0.071338706 -0.184529141 -0.992468834 0.019808382 -0.120885193 3.060507298
-0.118767112 0.079690002 0.989719093 2.895785809 0.029122431 0.996624827 -0.076751322 -0.187897921 -0.992494941 0.019707493 -0.120687023 3.055356026
-0.118018918 0.082084313 0.989612877 2.942639351 0.028738933 0.996442556 -0.079223447 -0.191599086 -0.992595315 0.019090546 -0.119958095 3.049259424
-0.117687762 0.081980601 0.989660978 2.986906052 0.028068123 0.996463060 -0.079206280 -0.194231987 -0.992653966 0.018456316 -0.119572550 3.044278383
-0.116408177 0.074620552 0.990394294 3.034144878 0.030665567 0.996968269 -0.071511500 -0.198836207 -0.992728055 0.022046480 -0.118343510 3.037975788
-0.116721883 0.073059857 0.990473747 3.079506397 0.030385587 0.997086465 -0.069966860 -0.202282235 -0.992699742 0.021929467 -0.118601777 3.032275677
-0.118550196 0.075721890 0.990056515 3.124391794 0.026902877 0.996966958 -0.073029019 -0.206216484 -0.992583454 0.017977767 -0.120227762 3.029091835
-0.116884038 0.079036310 0.989995658 3.172792673 0.026731178 0.996717572 -0.076416932 -0.209553033 -0.992785752 0.017531831 -0.118613109 3.022978067
-0.116486572 0.078811184 0.990060449 3.219807148 0.025870698 0.996749222 -0.076299779 -0.212763757 -0.992855191 0.016725654 -0.118146807 3.017174482
