0.999995053 -0.002346641 -0.002063805 0.000543035 0.002352867 0.999992669 0.003019199 -0.000961254 0.002056705 -0.003024041 0.999993324 0.054004453
0.999991834 -0.002712279 -0.003002519 -0.000471084 0.002723602 0.999989152 0.003773588 -0.001485906 0.002992252 -0.003781735 0.999988317 0.106241256
0.999990582 -0.001609002 -0.004062476 -0.001186226 0.001624008 0.999991834 0.003693226 -0.002113583 0.004056501 -0.003699789 0.999984920 0.159021154
0.999984324 -0.000486338 -0.005582849 -0.001826981 0.000505991 0.999993682 0.003519448 -0.002575480 0.005581103 -0.003522219 0.999978244 0.211555943
0.999976993 -0.001015925 -0.006715445 -0.002425177 0.001041485 0.999992192 0.003803821 -0.003254697 0.006711530 -0.003810726 0.999970257 0.266663700
0.999964178 -0.000655161 -0.008438756 -0.003158968 0.000689182 0.999991775 0.004029239 -0.003704800 0.008436046 -0.004034910 0.999956250 0.315992266
0.999948025 -0.002522051 -0.009877448 -0.004124380 0.002554873 0.999991238 0.003311722 -0.004317953 0.009869009 -0.003336786 0.999945760 0.367730379
0.999924541 -0.004403846 -0.011464644 -0.004614598 0.004446195 0.999983370 0.003671008 -0.004924804 0.011448289 -0.003721706 0.999927580 0.422564894
0.999913752 -0.003929478 -0.012532246 -0.005660286 0.003977044 0.999984920 0.003772821 -0.005588170 0.012517232 -0.003822337 0.999914348 0.470505238
0.999917388 -0.002830316 -0.012540809 -0.007453271 0.002870076 0.999990880 0.003153560 -0.005665754 0.012531769 -0.003189293 0.999916375 0.524624228
0.999907672 -0.001054205 -0.013545416 -0.007918334 0.001114094 0.999989629 0.004414547 -0.006800609 0.013540622 -0.004429231 0.999898493 0.571963072
0.999885857 0.001244974 -0.015053684 -0.008768006 -0.001161761 0.999984026 0.005535194 -0.007945695 0.015060334 -0.005517075 0.999871314 0.620293975
0.999883533 0.000410180 -0.015255434 -0.009540429 -0.000317715 0.999981582 0.006062993 -0.007962210 0.015257639 -0.006057441 0.999865174 0.668915212
0.999876916 0.001650120 -0.015600540 -0.010645560 -0.001559935 0.999981999 0.005791293 -0.007731223 0.015609814 -0.005766246 0.999861479 0.721919179
0.999867022 0.002060490 -0.016176285 -0.011429954 -0.001967929 0.999981642 0.005735822 -0.008298031 0.016187806 -0.005703226 0.999852717 0.766522348
0.999858618 0.001047315 -0.016779792 -0.012420060 -0.000947963 0.999982059 0.005927841 -0.008981338 0.016785698 -0.005911096 0.999841690 0.816193223
0.999861598 0.003826063 -0.016189445 -0.013475738 -0.003703665 0.999964356 0.007583594 -0.009179297 0.016217884 -0.007522584 0.999840200 0.864228904
0.999874473 0.004356750 -0.015230281 -0.014994515 -0.004267641 0.999973536 0.005878378 -0.009537085 0.015255488 -0.005812643 0.999866843 0.913123012
0.999862611 0.005140561 -0.015759880 -0.016090250 -0.005069404 0.999976814 0.004551689 -0.010479013 0.015782915 -0.004471168 0.999865413 0.959190845
0.999881864 0.003030569 -0.015065694 -0.017479319 -0.002979021 0.999989688 0.003442803 -0.009926164 0.015075973 -0.003397515 0.999880552 1.006532669
0.999886990 0.002503705 -0.014823779 -0.017772883 -0.002415476 0.999979377 0.005966691 -0.010601921 0.014838411 -0.005930210 0.999872267 1.056862235
0.999888301 0.001140263 -0.014903062 -0.018830160 -0.001022827 0.999968410 0.007885285 -0.011308555 0.014911583 -0.007869162 0.999857783 1.102549672
0.999893129 0.000086773 -0.014617691 -0.019639954 0.000017703 0.999974489 0.007146951 -0.011490565 0.014617939 -0.007146446 0.999867558 1.150391817
0.999892712 -0.000001456 -0.014646538 -0.019993866 0.000075747 0.999987125 0.005071727 -0.011816587 0.014646341 -0.005072291 0.999879837 1.196761608
0.999898672 0.001518939 -0.014153726 -0.020661706 -0.001453196 0.999988079 0.004654055 -0.012482774 0.014160629 -0.004633015 0.999889016 1.242832780
0.999908507 0.001461071 -0.013446282 -0.021409180 -0.001405020 0.999990284 0.004177004 -0.013893293 0.013452255 -0.004157730 0.999900877 1.288780570
0.999929070 0.002254809 -0.011691658 -0.022851110 -0.002194905 0.999984384 0.005133996 -0.014417106 0.011703052 -0.005107970 0.999918520 1.332430243
0.999938011 0.003680951 -0.010508003 -0.022972412 -0.003609747 0.999970436 0.006787070 -0.014300620 0.010532673 -0.006748719 0.999921739 1.376206756
0.999962330 0.001308112 -0.008588234 -0.023322213 -0.001248165 0.999974847 0.006981843 -0.014082269 0.008597150 -0.006970860 0.999938726 1.420911074
0.999966681 0.004836636 -0.006582385 -0.023770301 -0.004783827 0.999956369 0.008015001 -0.014400768 0.006620862 -0.007983244 0.999946177 1.464053392
0.999991655 0.003054553 -0.002750334 -0.024538957 -0.003032682 0.999963999 0.007921703 -0.015523936 0.002774433 -0.007913295 0.999964833 1.505893826
0.999998331 0.001675946 0.000677603 -0.024416087 -0.001679868 0.999981523 0.005828370 -0.015776018 -0.000667823 -0.005829499 0.999982774 1.547711730
0.999985397 0.002799718 0.004626121 -0.024656296 -0.002819001 0.999987304 0.004167177 -0.016026033 -0.004614396 -0.004180158 0.999980569 1.588827610
0.999960184 0.002780666 0.008478753 -0.024260512 -0.002821955 0.999984205 0.004861610 -0.016902175 -0.008465103 -0.004885344 0.999952197 1.628637433
0.999887943 0.002326674 0.014790446 -0.024824103 -0.002389478 0.999988198 0.004229962 -0.017154250 -0.014780428 -0.004264830 0.999881685 1.668508530
0.999780655 0.004534050 0.020446876 -0.023327541 -0.004597649 0.999984741 0.003064513 -0.017397605 -0.020432668 -0.003157849 0.999786258 1.708230972
0.999588788 0.006114363 0.028014515 -0.022818279 -0.006210142 0.999975085 0.003333182 -0.018106993 -0.027993437 -0.003505785 0.999601960 1.748402953
0.999333918 0.007051710 0.035803415 -0.020769954 -0.007196725 0.999966443 0.003923051 -0.018493557 -0.035774544 -0.004178105 0.999351203 1.785908937
0.998839319 0.009637275 0.047190905 -0.020489484 -0.009906093 0.999935925 0.005465847 -0.019804809 -0.047135215 -0.005926982 0.998870909 1.825267434
0.998194456 0.010674641 0.059108131 -0.017822102 -0.010978001 0.999928176 0.004809983 -0.019368926 -0.059052546 -0.005450188 0.998239934 1.861866355
0.997153103 0.013796090 0.074130207 -0.015492782 -0.014245739 0.999883175 0.005540291 -0.019949770 -0.074045099 -0.006580559 0.997233152 1.899844766
0.995813072 0.015801363 0.090036631 -0.013641417 -0.016488204 0.999840319 0.006889751 -0.020275969 -0.089913376 -0.008345447 0.995914578 1.932213664
0.994073272 0.015136962 0.107653290 -0.009216487 -0.015949514 0.999850333 0.006690822 -0.020144558 -0.107535914 -0.008368185 0.994165897 1.970017076
0.991767347 0.015360002 0.127128229 -0.005249709 -0.016274054 0.999848545 0.006154394 -0.020757213 -0.127014458 -0.008172618 0.991867185 2.007169724
0.988954604 0.014517491 0.147505835 -0.000829637 -0.015536392 0.999862671 0.005757664 -0.021700181 -0.147401989 -0.007985775 0.989044368 2.041678905
0.985611856 0.011894437 0.168604955 0.004803330 -0.012990008 0.999901056 0.005396312 -0.021797433 -0.168524116 -0.007508850 0.985668957 2.076220274
0.981897652 0.006216366 0.189310119 0.012664527 -0.007668327 0.999946535 0.006938237 -0.021802083 -0.189256862 -0.008264331 0.981892824 2.111080885
0.976994932 0.001399678 0.213257834 0.019237608 -0.003267214 0.999959350 0.008404994 -0.022255372 -0.213237405 -0.008908397 0.976959765 2.145417452
0.971673191 -0.003161326 0.236307144 0.027778566 0.001303561 0.999967039 0.008017485 -0.022516791 -0.236324698 -0.007482338 0.971645296 2.176792383
0.965126693 -0.009751759 0.261601627 0.036893845 0.008476346 0.999946058 0.006003350 -0.022733081 -0.261646003 -0.003576568 0.965157270 2.211104393
0.957594633 -0.013301085 0.287811816 0.047108412 0.011847087 0.999906719 0.006793111 -0.022908688 -0.287875295 -0.003095316 0.957662880 2.243618727
0.948965549 -0.015735112 0.314986825 0.056845188 0.013528369 0.999866188 0.009191022 -0.023571709 -0.315089345 -0.004460705 0.949051559 2.274508238
0.939231277 -0.020152507 0.342693061 0.068028033 0.017080702 0.999782264 0.011979793 -0.023831826 -0.342859924 -0.005398358 0.939371049 2.305297852
0.928142250 -0.023129459 0.371506363 0.079947174 0.020228714 0.999726951 0.011703743 -0.024001813 -0.371675581 -0.003347643 0.928356647 2.335585117
0.916031599 -0.022400046 0.400480002 0.092365265 0.021102868 0.999748111 0.007649581 -0.024105458 -0.400550425 0.001444017 0.916273594 2.364295721
0.903261900 -0.024312470 0.428400338 0.106522024 0.025699869 0.999666452 0.002545865 -0.024884511 -0.428319395 0.008710247 0.903585434 2.392350197
0.888925254 -0.025813788 0.457324386 0.120551646 0.028724246 0.999587119 0.000589134 -0.025586266 -0.457150787 0.012612600 0.889299750 2.420258045
0.873239279 -0.026996803 0.486543298 0.136699677 0.029230205 0.999568105 0.003001142 -0.025331931 -0.486414254 0.011601044 0.873651326 2.448648453
0.855802059 -0.025485974 0.516675234 0.153208077 0.024412662 0.999662578 0.008873988 -0.025600316 -0.516727030 0.005019038 0.856135488 2.475020409
0.836157799 -0.025868623 0.547878563 0.170356154 0.022500254 0.999664128 0.012860826 -0.026430812 -0.548027217 0.001573728 0.836458981 2.501747847
0.814716756 -0.019043146 0.579546213 0.187740207 0.018204372 0.999807954 0.007260985 -0.026033239 -0.579573154 0.004634631 0.814906955 2.527368784
0.792956650 -0.012640226 0.609146953 0.206885099 0.015461981 0.999880254 0.000620587 -0.026584130 -0.609081745 0.008926520 0.793057144 2.552234173
0.770523965 -0.010098232 0.637331009 0.226107240 0.014502805 0.999893427 -0.001690814 -0.026748901 -0.637246013 0.010545900 0.770588219 2.575225592
0.746693969 -0.012387615 0.665052414 0.245470285 0.016020091 0.999871492 0.000637419 -0.026303234 -0.664974749 0.010178246 0.746796370 2.598414421
0.722922385 -0.013320834 0.690800786 0.267171144 0.017006306 0.999854267 0.001483283 -0.027079759 -0.690719903 0.010675672 0.723043621 2.619788170
0.697968543 -0.011286194 0.716039479 0.288998961 0.017459447 0.999846816 -0.001259259 -0.027542416 -0.715915561 0.013380574 0.698058724 2.640145302
0.670454860 -0.009121845 0.741894364 0.310556650 0.017479559 0.999841034 -0.003503004 -0.028173685 -0.741744399 0.015316590 0.670507789 2.661984444
0.643988729 -0.006314516 0.765008926 0.334324718 0.015256018 0.999873102 -0.004589477 -0.028530706 -0.764882863 0.014626564 0.644003332 2.681530237
0.616068780 -0.004988209 0.787676632 0.358714938 0.015023335 0.999872506 -0.005418257 -0.029284852 -0.787549078 0.015171550 0.616065145 2.700402737
0.587558985 0.002417389 0.809177637 0.383042216 0.014024793 0.999814868 -0.013170576 -0.029085845 -0.809059739 0.019087039 0.587416410 2.718202114
0.557249546 0.011530156 0.830264986 0.408359885 0.012942253 0.999661565 -0.022569083 -0.029772377 -0.830244184 0.023322113 0.556911826 2.735548973
0.526583612 0.019743359 0.849894047 0.434213281 0.012646082 0.999437869 -0.031052671 -0.030227559 -0.850029171 0.027099662 0.526037872 2.751584530
0.494973063 0.023882885 0.868579984 0.460713029 0.010260015 0.999391913 -0.033326570 -0.031917587 -0.868847668 0.025407398 0.494426996 2.766876221
0.463415474 0.024352793 0.885806441 0.489401340 0.009637062 0.999424636 -0.032518104 -0.031566031 -0.886088789 0.023605963 0.462914169 2.781239748
0.428842753 0.023030132 0.903085530 0.517163277 0.003491124 0.999625266 -0.027149860 -0.033803120 -0.903372347 0.014795803 0.428601623 2.795993805
0.395233065 0.024506625 0.918254018 0.546938896 -0.000229108 0.999646664 -0.026580250 -0.034669377 -0.918580830 0.010295012 0.395099044 2.808395147
0.358919591 0.027280554 0.932969689 0.575631738 -0.007250949 0.999624074 -0.026440077 -0.035971835 -0.933340311 0.002724946 0.358982533 2.821198702
0.323140740 0.029066902 0.945904374 0.606047034 -0.011880149 0.999574006 -0.026657619 -0.037047565 -0.946276426 -0.002623324 0.323348343 2.831934214
0.286863238 0.028671868 0.957542360 0.636995673 -0.014192197 0.999569476 -0.025678558 -0.037984449 -0.957866549 -0.006223397 0.287146628 2.841801882
0.250654340 0.028078074 0.967669308 0.668478429 -0.014922419 0.999572575 -0.025138443 -0.039181646 -0.967961669 -0.008138908 0.250966221 2.850323677
0.214652240 0.027629379 0.976299584 0.700355053 -0.014593987 0.999578893 -0.025079502 -0.040400337 -0.976581454 -0.008864731 0.214965075 2.857387781
0.179359540 0.025853809 0.983443797 0.732240796 -0.012136629 0.999636650 -0.024066035 -0.041535150 -0.983708739 -0.007619220 0.179608136 2.863126040
0.144664824 0.025407599 0.989154458 0.765172064 -0.003919954 0.999677122 -0.025104590 -0.042559292 -0.989472926 -0.000245689 0.144717753 2.868100166
0.111338347 0.028603755 0.993370831 0.798140764 -0.001347364 0.999589026 -0.028631795 -0.043768093 -0.993781626 0.001849385 0.111331157 2.871498346
0.078592286 0.033601597 0.996340394 0.831365466 -0.000399926 0.999432743 -0.033674330 -0.045032896 -0.996906757 0.002248081 0.078561142 2.874460220
0.049022071 0.037759990 0.998083711 0.865008354 0.006232764 0.999254107 -0.038110398 -0.046253029 -0.998778224 0.008089071 0.048750155 2.876278877
0.024035223 0.035482068 0.999081254 0.898717046 0.008782676 0.999323905 -0.035701972 -0.047832701 -0.999672651 0.009632713 0.023707341 2.876756907
0.001099791 0.032085121 0.999484539 0.933339238 0.010255743 0.999432266 -0.032094732 -0.049396530 -0.999946773 0.010285754 0.000770112 2.877468824
-0.017340753 0.030144963 0.999395132 0.967043638 0.010787687 0.999492824 -0.029960733 -0.050388083 -0.999791443 0.010261619 -0.017657153 2.876604080
-0.034086969 0.033212174 0.998866856 1.000856042 0.012431296 0.999384403 -0.032805160 -0.051801745 -0.999341488 0.011298981 -0.034478851 2.875754356
-0.048964266 0.037735403 0.998087466 1.035504222 0.015387238 0.999195933 -0.037022438 -0.053018738 -0.998681962 0.013545032 -0.049505536 2.874313593
-0.060929690 0.042962093 0.997217059 1.069827199 0.019006187 0.998942018 -0.041875131 -0.054694898 -0.997961104 0.016401853 -0.061681770 2.872201204
-0.070075259 0.046045586 0.996478438 1.104568481 0.024418840 0.998714030 -0.044431683 -0.056673065 -0.997242749 0.021219283 -0.071109518 2.870263100
-0.074768983 0.051464505 0.995871902 1.138348222 0.029060552 0.998355687 -0.049411025 -0.058497999 -0.996777356 0.025246177 -0.076141633 2.865996361
-0.077986136 0.055892169 0.995386362 1.172389388 0.033067957 0.998022854 -0.053449407 -0.060663536 -0.996405959 0.028747078 -0.079680182 2.862615824
-0.081574127 0.059653774 0.994880438 1.207180142 0.033087000 0.997819006 -0.057117045 -0.062993675 -0.996118009 0.028258337 -0.083369993 2.860604525
-0.083812244 0.063422650 0.994461298 1.243174434 0.034981996 0.997544587 -0.060671050 -0.064798139 -0.995867312 0.029703265 -0.085825086 2.857662678
-0.086287230 0.066898920 0.994021654 1.277580142 0.035906032 0.997303545 -0.064002924 -0.067137249 -0.995623052 0.030168733 -0.088456623 2.854309559
-0.088196851 0.070703901 0.993590593 1.312890887 0.037402939 0.997009456 -0.067627072 -0.069615036 -0.995400608 0.031198718 -0.090577632 2.851481915
-0.089948371 0.071908928 0.993347049 1.348416090 0.039833505 0.996851742 -0.068555690 -0.072563581 -0.995149493 0.033402026 -0.092529595 2.847739697
-0.092681050 0.070473135 0.993198752 1.382604241 0.039970629 0.996951461 -0.067009516 -0.074970588 -0.994893372 0.033488270 -0.095215350 2.844789505
-0.094908446 0.070295438 0.993001103 1.418995500 0.039392274 0.996987641 -0.066812649 -0.077470832 -0.994706273 0.032775480 -0.097391650 2.841809034
-0.095942706 0.071544752 0.992812395 1.455024242 0.038738869 0.996926308 -0.068097591 -0.079888396 -0.994632721 0.031926956 -0.098419383 2.836691618
-0.099124044 0.074007995 0.992319107 1.489336014 0.038304001 0.996775091 -0.070514090 -0.082551278 -0.994337499 0.031020148 -0.101639189 2.834448576
-0.102380149 0.076110654 0.991829395 1.524944901 0.036533132 0.996683657 -0.072712086 -0.085392736 -0.994074285 0.028790355 -0.104821190 2.831235647
-0.104618594 0.079735480 0.991310835 1.559780955 0.034735739 0.996465504 -0.076484248 -0.088129051 -0.993905604 0.026432244 -0.107018508 2.827620268
-0.106466688 0.083612017 0.990794539 1.597253323 0.032035839 0.996229231 -0.080628231 -0.091460854 -0.993800044 0.023156716 -0.108743809 2.823458433
-0.109918311 0.086195089 0.990196049 1.633436561 0.028020348 0.996105433 -0.083599061 -0.094199538 -0.993545532 0.018556580 -0.111905441 2.820007324
-0.112762541 0.084793836 0.989997327 1.669425726 0.025310239 0.996273875 -0.082448564 -0.097054653 -0.993299544 0.015759962 -0.114488520 2.815753698
-0.114660807 0.080897100 0.990105271 1.707154632 0.023822337 0.996615946 -0.078670271 -0.100323357 -0.993119001 0.014566230 -0.116199948 2.811438799
-0.117094122 0.078432724 0.990018785 1.743006468 0.026003933 0.996776819 -0.075892508 -0.104031242 -0.992780387 0.016857818 -0.118756272 2.807229280
-0.119909786 0.079337314 0.989609718 1.779944420 0.024125658 0.996740162 -0.076985709 -0.106851771 -0.992491663 0.014643643 -0.121432975 2.803798199
-0.120805733 0.082167819 0.989269614 1.816751480 0.024653234 0.996509314 -0.079758584 -0.109880649 -0.992370009 0.014753401 -0.122409739 2.798968554
-0.120582908 0.084937237 0.989062905 1.854396582 0.026183315 0.996258497 -0.082362972 -0.112893797 -0.992357910 0.015965380 -0.122355655 2.793769360
-0.121602416 0.085877091 0.988856912 1.889917493 0.024385652 0.996208012 -0.083516717 -0.115803108 -0.992279291 0.013958089 -0.123235479 2.789804697
-0.121772163 0.084328517 0.988969266 1.928241611 0.020808240 0.996382236 -0.082398489 -0.119692549 -0.992339969 0.010544869 -0.123086326 2.785608768
-0.121179007 0.084283441 0.989045918 1.965826511 0.016089069 0.996424615 -0.082940988 -0.122674286 -0.992500246 0.005862121 -0.122101761 2.780635357
-0.122202598 0.085502259 0.988815427 2.002895832 0.012185941 0.996336579 -0.084646598 -0.125977159 -0.992430389 0.001705615 -0.122796834 2.776957035
-0.121883526 0.084716469 0.988922417 2.039615154 0.009048659 0.996404231 -0.084242150 -0.130035490 -0.992503166 -0.001319310 -0.122211829 2.772178888
-0.122450463 0.084181003 0.988898039 2.077053070 0.006175038 0.996441722 -0.084058523 -0.133288920 -0.992455423 -0.004186523 -0.122534558 2.767876863
-0.122684501 0.079420410 0.989262819 2.115652323 0.005968149 0.996833861 -0.079288088 -0.136397183 -0.992427707 -0.003823350 -0.122770071 2.763437748
-0.123416863 0.070489332 0.989848256 2.153303862 0.008683991 0.997512519 -0.069952384 -0.139643714 -0.992316902 -0.000037470 -0.123722002 2.759032726
-0.123865739 0.065850377 0.990111589 2.190518618 0.015509288 0.997802198 -0.064421609 -0.141699448 -0.992177784 0.007376297 -0.124614798 2.754585028
-0.121919304 0.067156591 0.990265369 2.229345798 0.023679664 0.997621179 -0.064740025 -0.145477295 -0.992257476 0.015556092 -0.123219520 2.748623848
-0.120713331 0.072258919 0.990053952 2.266370058 0.029051885 0.997177124 -0.069236629 -0.148477584 -0.992262185 0.020405147 -0.122471809 2.743535519
-0.119317010 0.078536607 0.989745140 2.305360079 0.032871023 0.996632516 -0.075120404 -0.150912613 -0.992311895 0.023570796 -0.121496774 2.738656998
-0.119139008 0.083080187 0.989395559 2.343850136 0.033630189 0.996258914 -0.079606883 -0.153901786 -0.992307842 0.023789279 -0.121487297 2.734340191
-0.118630089 0.079910003 0.989717901 2.382344723 0.030698620 0.996575058 -0.076784052 -0.157310724 -0.992463827 0.021274073 -0.120676942 2.729240894
-0.119453654 0.074657969 0.990028739 2.420456171 0.030298736 0.996978462 -0.071526282 -0.160687923 -0.992377341 0.021452544 -0.121354766 2.725520134
-0.118733190 0.073502406 0.990202010 2.459955454 0.027744321 0.997112453 -0.070688643 -0.163277209 -0.992538452 0.019079391 -0.120429628 2.720550537
-0.117653467 0.074540854 0.990253150 2.498567820 0.026412636 0.997060955 -0.071915187 -0.166023314 -0.992703319 0.017694127 -0.119276494 2.715368509
-0.118237317 0.079386942 0.989806890 2.537306547 0.026415443 0.996697783 -0.076784179 -0.169323862 -0.992633939 0.017067425 -0.119943909 2.711560488
-0.118072480 0.082073778 0.989607453 2.576285124 0.025311789 0.996503413 -0.079625696 -0.172244519 -0.992682338 0.015647124 -0.119737059 2.707039595
-0.118118249 0.080863595 0.989701569 2.615580797 0.025758645 0.996592879 -0.078352444 -0.175681978 -0.992665410 0.016238511 -0.119798742 2.702785015
-0.116564833 0.073885426 0.990431070 2.655276775 0.027089357 0.997094512 -0.071194343 -0.178976685 -0.992813587 0.018531378 -0.118227690 2.697332144
-0.117473423 0.072503492 0.990425766 2.694938421 0.027081445 0.997194231 -0.069786884 -0.181867227 -0.992706656 0.018624056 -0.119107328 2.692894459
-0.117820546 0.075407624 0.990167618 2.734266281 0.024279535 0.997033179 -0.073041439 -0.184960350 -0.992738068 0.015435023 -0.119301878 2.688888550
-0.117643043 0.078365728 0.989959061 2.773570776 0.023853675 0.996816695 -0.076073915 -0.188128233 -0.992769420 0.014664590 -0.119137891 2.684325695
-0.117257513 0.077968739 0.990036070 2.815639257 0.023341443 0.996854305 -0.075741187 -0.191144153 -0.992827117 0.014227651 -0.118708536 2.679597855
