0.999995112 -0.002396961 -0.002076374 0.000601737 0.002403228 0.999992490 0.003020532 -0.000943425 0.002069119 -0.003025507 0.999993205 0.054642916
0.999992907 -0.002648965 -0.002654684 -0.000874089 0.002659626 0.999988317 0.004020351 -0.001670191 0.002644003 -0.004027382 0.999988377 0.107097045
0.999988198 -0.002105694 -0.004379744 -0.000969433 0.002123487 0.999989510 0.004062042 -0.002390474 0.004371145 -0.004071294 0.999982119 0.160407513
0.999982476 -0.001199158 -0.005783509 -0.001748449 0.001221505 0.999991775 0.003861879 -0.002926472 0.005778830 -0.003868876 0.999975801 0.213447660
0.999976695 -0.001132437 -0.006726269 -0.002686068 0.001159805 0.999991000 0.004066333 -0.003472030 0.006721604 -0.004074039 0.999969125 0.266294718
0.999960363 -0.001320552 -0.008799774 -0.002910564 0.001357299 0.999990404 0.004171248 -0.003904897 0.008794180 -0.004183027 0.999952614 0.320417225
0.999944448 -0.002988724 -0.010102569 -0.004040529 0.003026483 0.999988437 0.003724311 -0.004784447 0.010091322 -0.003754678 0.999941945 0.371546537
0.999921083 -0.005406555 -0.011337738 -0.004720495 0.005453263 0.999976754 0.004092868 -0.005415552 0.011315349 -0.004154372 0.999927282 0.426539361
0.999911726 -0.004053836 -0.012655337 -0.005710976 0.004106574 0.999982893 0.004144108 -0.006101959 0.012638321 -0.004195711 0.999911249 0.476548821
0.999920845 -0.003113798 -0.012201060 -0.007593384 0.003151241 0.999990344 0.003050721 -0.006018877 0.012191445 -0.003088927 0.999920845 0.529670477
0.999897778 -0.001851921 -0.014174216 -0.007936394 0.001917966 0.999987364 0.004647285 -0.007223826 0.014165430 -0.004673995 0.999888718 0.580269039
0.999896646 -0.000623454 -0.014362575 -0.009413753 0.000702075 0.999984801 0.005469599 -0.007964597 0.014358949 -0.005479118 0.999881923 0.631351888
0.999881685 0.000719645 -0.015366126 -0.009777207 -0.000618797 0.999978244 0.006566779 -0.008277299 0.015370520 -0.006556493 0.999860346 0.684147358
0.999893427 0.001949669 -0.014467658 -0.011842180 -0.001841760 0.999970496 0.007468166 -0.009783303 0.014481792 -0.007440725 0.999867380 0.733069301
0.999863744 0.001975476 -0.016388318 -0.011737305 -0.001875195 0.999979436 0.006132161 -0.008499384 0.016400095 -0.006100595 0.999846876 0.785383105
0.999855101 0.001518321 -0.016955707 -0.011900132 -0.001417094 0.999981165 0.005980513 -0.008639213 0.016964471 -0.005955619 0.999838352 0.838750482
0.999860108 0.003611860 -0.016326522 -0.013893663 -0.003483459 0.999962807 0.007886178 -0.009345012 0.016354399 -0.007828203 0.999835610 0.887550056
0.999861538 0.005698948 -0.015631281 -0.015889550 -0.005585629 0.999957800 0.007283537 -0.010458691 0.015672134 -0.007195219 0.999851286 0.938946128
0.999859333 0.004319010 -0.016208230 -0.016225819 -0.004242238 0.999979615 0.004767950 -0.010325495 0.016228491 -0.004698520 0.999857247 0.987538874
0.999865890 0.003207529 -0.016061172 -0.016666023 -0.003135315 0.999984920 0.004519414 -0.010626679 0.016075427 -0.004468451 0.999860764 1.037444472
0.999879479 0.002014476 -0.015395109 -0.018245969 -0.001907537 0.999973953 0.006957806 -0.011189547 0.015408723 -0.006927601 0.999857306 1.087679625
0.999881089 0.000586944 -0.015413340 -0.018757943 -0.000459639 0.999965668 0.008261670 -0.011654753 0.015417661 -0.008253603 0.999847114 1.137803435
0.999885798 -0.000175978 -0.015107105 -0.020236243 0.000293223 0.999969840 0.007759009 -0.012086579 0.015105284 -0.007762553 0.999855697 1.185311794
0.999894381 -0.000116812 -0.014531740 -0.021427205 0.000202229 0.999982655 0.005876649 -0.012334704 0.014530802 -0.005878968 0.999877095 1.232876301
0.999903202 0.000906433 -0.013880888 -0.022548465 -0.000836575 0.999986887 0.005037662 -0.012678350 0.013885275 -0.005025562 0.999890864 1.280441642
0.999912202 0.000897106 -0.013218495 -0.022964150 -0.000843617 0.999991357 0.004051611 -0.013567302 0.013222016 -0.004040104 0.999904394 1.328773141
0.999929965 0.001663200 -0.011720193 -0.024079707 -0.001607520 0.999987304 0.004758584 -0.013956564 0.011727959 -0.004739411 0.999919951 1.375756025
0.999943078 0.002571800 -0.010353349 -0.024334271 -0.002503456 0.999975026 0.006608705 -0.014394326 0.010370087 -0.006582411 0.999924541 1.423558831
0.999963820 0.001789058 -0.008312359 -0.025527209 -0.001721088 0.999965012 0.008176992 -0.014900885 0.008326699 -0.008162388 0.999931991 1.466488242
0.999973476 0.001530336 -0.007120707 -0.024910100 -0.001471963 0.999965310 0.008195744 -0.014979396 0.007133003 -0.008185046 0.999941111 1.511642456
0.999990463 0.002321531 -0.003696695 -0.025562685 -0.002291388 0.999964297 0.008137531 -0.015346414 0.003715455 -0.008128984 0.999960005 1.554570556
0.999998868 0.001244531 0.000838700 -0.026616359 -0.001249985 0.999977887 0.006533874 -0.016400132 -0.000830550 -0.006534916 0.999978244 1.598303437
0.999986947 0.000110449 0.005111361 -0.027010184 -0.000133279 0.999990046 0.004466393 -0.016541164 -0.005110817 -0.004467016 0.999976933 1.640708923
0.999964178 -0.000073625 0.008463358 -0.026250442 0.000028813 0.999985993 0.005294905 -0.017671719 -0.008463628 -0.005294472 0.999950171 1.683037162
0.999900579 0.001465128 0.014025311 -0.026487295 -0.001536498 0.999985874 0.005079203 -0.017931135 -0.014017672 -0.005100248 0.999888718 1.725662351
0.999790847 0.003366734 0.020174351 -0.025263708 -0.003447036 0.999986291 0.003946899 -0.018323122 -0.020160785 -0.004015615 0.999788642 1.767717123
0.999612808 0.004917575 0.027390694 -0.023857389 -0.005023210 0.999980152 0.003789100 -0.018795585 -0.027371518 -0.003925222 0.999617636 1.808468461
0.999324322 0.005880797 0.036279827 -0.023447663 -0.006084650 0.999966323 0.005511097 -0.019780535 -0.036246192 -0.005728125 0.999326468 1.848962069
0.998894215 0.006779192 0.046523806 -0.022552274 -0.007069874 0.999956489 0.006086344 -0.020284986 -0.046480518 -0.006408531 0.998898685 1.887547970
0.998206437 0.008988800 0.059188101 -0.019581139 -0.009365748 0.999937594 0.006094329 -0.020556360 -0.059129622 -0.006637739 0.998228252 1.927958488
0.997211874 0.011582111 0.073718458 -0.016392186 -0.012083573 0.999906719 0.006360005 -0.021101216 -0.073637925 -0.007233054 0.997258782 1.967238307
0.995763838 0.014679235 0.090768382 -0.014244929 -0.015415297 0.999853671 0.007413410 -0.020944085 -0.090646267 -0.008781226 0.995844424 2.005239248
0.994020522 0.014654824 0.108205497 -0.010240033 -0.015655708 0.999842048 0.008406078 -0.021702087 -0.108065233 -0.010049847 0.994093001 2.042305470
0.991775632 0.013506976 0.127274051 -0.005930096 -0.014590954 0.999864757 0.007588385 -0.022415238 -0.127154335 -0.009383025 0.991838574 2.080070496
0.989028633 0.013121434 0.147139385 -0.000708491 -0.014238986 0.999877214 0.006544443 -0.022254985 -0.147035435 -0.008567758 0.989094138 2.116003275
0.985773087 0.010110709 0.167777166 0.005296379 -0.011320535 0.999916375 0.006256005 -0.022505956 -0.167699873 -0.008066327 0.985805094 2.150963068
0.981808543 0.004854611 0.189812005 0.011714756 -0.006445245 0.999949038 0.007763638 -0.022483353 -0.189764664 -0.008845789 0.981789827 2.186702967
0.977122366 0.000521286 0.212677106 0.019750297 -0.002624254 0.999950409 0.009605912 -0.022876633 -0.212661535 -0.009944270 0.977075338 2.222727537
0.971627235 -0.004779391 0.236469418 0.028544545 0.002644144 0.999952793 0.009345998 -0.023695359 -0.236502945 -0.008455566 0.971594036 2.257511854
0.965107977 -0.010598592 0.261637539 0.037932515 0.009058989 0.999933839 0.007089915 -0.023323817 -0.261695325 -0.004472363 0.965140164 2.292106152
0.957488894 -0.014367701 0.288112015 0.048099220 0.012622367 0.999889076 0.007914733 -0.023762241 -0.288193703 -0.003941614 0.957564056 2.326067209
0.948834538 -0.016577529 0.315338522 0.058738053 0.014158553 0.999850154 0.009960471 -0.023851983 -0.315456390 -0.004986102 0.948926985 2.359024525
0.939197600 -0.021263618 0.342718065 0.070788145 0.017873935 0.999755144 0.013046446 -0.024302477 -0.342911601 -0.006127471 0.939347684 2.390871763
0.928268671 -0.024508649 0.371101826 0.083457291 0.021331474 0.999692261 0.012664356 -0.024378125 -0.371298015 -0.003839776 0.928505838 2.422202587
0.916435599 -0.024180530 0.399450958 0.096963346 0.022518912 0.999707222 0.008852934 -0.024810378 -0.399548084 0.000882056 0.916711748 2.451771498
0.903225183 -0.025259880 0.428422898 0.110989869 0.026272263 0.999648511 0.003550774 -0.025130384 -0.428362072 0.008048491 0.903571367 2.481963396
0.889100552 -0.026516100 0.456943244 0.126862764 0.028995423 0.999578238 0.001586788 -0.025760867 -0.456792653 0.011838449 0.889494419 2.511430740
0.873368502 -0.027485363 0.486283928 0.142867088 0.028991431 0.999569833 0.004428151 -0.025858101 -0.486196488 0.010230660 0.873789549 2.540611744
0.855685055 -0.026196754 0.516833305 0.159949422 0.024418693 0.999649286 0.010240932 -0.026052935 -0.516920388 0.003857382 0.856024742 2.568820238
0.836060226 -0.026880857 0.547978640 0.177266598 0.023076814 0.999638081 0.013828128 -0.026537869 -0.548152089 0.001084456 0.836377919 2.596132040
0.814671040 -0.020190977 0.579571664 0.195684195 0.018806992 0.999787986 0.008394431 -0.026246216 -0.579618335 0.004061302 0.814878047 2.622888088
0.792589307 -0.013334161 0.609610021 0.215232491 0.015883837 0.999873221 0.001218985 -0.026435187 -0.609548867 0.008716791 0.792700529 2.649235487
0.770204842 -0.011148112 0.637699127 0.235180736 0.015193604 0.999884248 -0.000870892 -0.026732445 -0.637615561 0.010359717 0.770285070 2.672968149
0.746479213 -0.013794427 0.665265679 0.255635738 0.016104262 0.999866724 0.002662232 -0.027335862 -0.665213823 0.008726312 0.746601939 2.697500706
0.722508013 -0.014833515 0.691203296 0.277829885 0.016801087 0.999851286 0.003895215 -0.028321853 -0.691158354 0.008798645 0.722649813 2.719508648
0.696958899 -0.012636194 0.716999710 0.300916433 0.017244674 0.999850929 0.000858414 -0.028608061 -0.716903746 0.011766145 0.697072923 2.742420197
0.670272946 -0.009930342 0.742048204 0.323904634 0.017371345 0.999846458 -0.002310797 -0.028395213 -0.741911292 0.014439241 0.670342565 2.764119148
0.643166304 -0.007667544 0.765688121 0.348176241 0.015593293 0.999873698 -0.003085466 -0.028925797 -0.765567660 0.013924066 0.643204629 2.784642696
0.615009367 -0.006368211 0.788494051 0.373184085 0.015880993 0.999864519 -0.004311525 -0.029334884 -0.788359761 0.015173697 0.615027368 2.804553986
0.586429000 0.000236731 0.810000539 0.399223089 0.014210747 0.999843061 -0.010580596 -0.030087465 -0.809875906 0.017715482 0.586333752 2.823305368
0.556014895 0.009762586 0.831114948 0.425634503 0.013159825 0.999702275 -0.020546790 -0.030583525 -0.831067979 0.022361649 0.555720985 2.841822386
0.525259316 0.019283960 0.850723565 0.452706933 0.011657833 0.999486148 -0.029853925 -0.030596418 -0.850862205 0.025598651 0.524764776 2.858484030
0.492977321 0.023271412 0.869730890 0.481137872 0.009149396 0.999448299 -0.031928279 -0.032534249 -0.869994044 0.023697432 0.492492348 2.875751019
0.460927516 0.022655653 0.887148619 0.510240555 0.007494790 0.999539018 -0.029419834 -0.033601113 -0.887406111 0.020209406 0.460545272 2.890580654
0.427895159 0.021425491 0.903574347 0.539804339 0.003094999 0.999678373 -0.025169967 -0.034692679 -0.903823078 0.013566668 0.427691191 2.904774904
0.393164366 0.022637649 0.919189513 0.569792747 -0.000719166 0.999704063 -0.024312945 -0.035649456 -0.919467926 0.008897933 0.393064320 2.918220282
0.358285904 0.025284836 0.933269501 0.601098657 -0.008024724 0.999679625 -0.024003347 -0.037125453 -0.933577418 0.001110831 0.358374059 2.930748701
0.321989715 0.027661288 0.946338952 0.632080197 -0.012906511 0.999608457 -0.024826931 -0.038035825 -0.946655154 -0.004219918 0.322220713 2.942199945
0.285576046 0.026946457 0.957977116 0.664384186 -0.015794344 0.999601245 -0.023408934 -0.039148048 -0.958225965 -0.008445587 0.285887778 2.952482939
0.250007540 0.025915198 0.967897058 0.696842492 -0.016420010 0.999611497 -0.022523062 -0.040636100 -0.968104720 -0.010261946 0.250335932 2.960445404
0.213139832 0.025911240 0.976678073 0.730806530 -0.016035549 0.999606371 -0.023020098 -0.041398253 -0.976890087 -0.010755072 0.213471472 2.969029188
0.178176269 0.024638385 0.983690143 0.764941573 -0.013495034 0.999653578 -0.022593860 -0.042308278 -0.983906031 -0.009249240 0.178447068 2.974913359
0.143270493 0.023797281 0.989397407 0.798786163 -0.005678477 0.999714136 -0.023223149 -0.043526717 -0.989667296 -0.002291079 0.143364683 2.979846239
0.109756574 0.026422648 0.993607342 0.833397448 -0.003260659 0.999650896 -0.026223179 -0.045084435 -0.993953168 -0.000361649 0.109804422 2.983530760
0.077481434 0.031822540 0.996485829 0.867895961 -0.002075190 0.999493361 -0.031757232 -0.046005704 -0.996991634 0.000392698 0.077508248 2.986143589
0.048292361 0.035932504 0.998186827 0.903159976 0.004132933 0.999336898 -0.036173861 -0.047365416 -0.998824656 0.005872360 0.048111837 2.987547874
0.022990854 0.034183312 0.999151170 0.939203501 0.006792616 0.999386847 -0.034347676 -0.048832282 -0.999712586 0.007576532 0.022744559 2.988441467
0.000489378 0.031005478 0.999519110 0.974470913 0.008436807 0.999483526 -0.031008504 -0.050212398 -0.999964297 0.008447926 0.000227539 2.988405466
-0.018382471 0.028386842 0.999427915 1.010444403 0.008508310 0.999565184 -0.028234243 -0.051587410 -0.999794900 0.007984429 -0.018616000 2.987813234
-0.035083756 0.031415544 0.998890460 1.046295166 0.010358745 0.999463558 -0.031069744 -0.053094354 -0.999330640 0.009257208 -0.035390366 2.986814022
-0.049307339 0.035568155 0.998150110 1.081421614 0.013283562 0.999300718 -0.034952961 -0.054633062 -0.998695314 0.011535553 -0.049745329 2.984416723
-0.061640870 0.041243874 0.997245908 1.118674636 0.016659191 0.999049306 -0.040288720 -0.055824801 -0.997959375 0.014129875 -0.062269360 2.982449055
-0.070063040 0.044918340 0.996530712 1.154537797 0.022267682 0.998807192 -0.043455377 -0.057442170 -0.997294009 0.019145817 -0.070979685 2.979583502
-0.075706564 0.049720831 0.995889843 1.190945983 0.026374431 0.998506427 -0.047846515 -0.059766520 -0.996781230 0.022643732 -0.076904848 2.976576805
-0.079713002 0.055229742 0.995286703 1.226513743 0.028410483 0.998184144 -0.053115111 -0.061193522 -0.996412992 0.024042610 -0.081137352 2.973773241
-0.082258567 0.058298718 0.994904459 1.263781667 0.029974990 0.997980654 -0.056000650 -0.064171702 -0.996160090 0.025215721 -0.083839953 2.970634460
-0.084657654 0.061836500 0.994489610 1.301662683 0.032034326 0.997725427 -0.059310738 -0.065973282 -0.995894969 0.026836701 -0.086445987 2.967389107
-0.086953983 0.065352894 0.994066417 1.337986231 0.032888301 0.997490346 -0.062701143 -0.068406411 -0.995669305 0.027241049 -0.088885099 2.964188576
-0.089432091 0.069107205 0.993592501 1.374926567 0.034297295 0.997211993 -0.066271894 -0.071045689 -0.995402157 0.028150702 -0.091552943 2.961640596
-0.091613829 0.070435025 0.993300378 1.412940383 0.037417967 0.997034311 -0.067248672 -0.074091941 -0.995091379 0.031006373 -0.093977667 2.957977295
-0.093609616 0.069473974 0.993182063 1.450386405 0.036735039 0.997124076 -0.066287361 -0.076139890 -0.994931102 0.030279446 -0.095892541 2.954308033
-0.095491663 0.069336630 0.993012488 1.485493422 0.037815966 0.997103691 -0.065985784 -0.078501083 -0.994711757 0.031250630 -0.097837143 2.950836897
-0.097726859 0.069986224 0.992749393 1.523543119 0.036724482 0.997098505 -0.066677645 -0.082174897 -0.994535446 0.029942011 -0.100013494 2.946726322
-0.099988952 0.072726250 0.992327154 1.560584426 0.035113458 0.996961832 -0.069527820 -0.084444784 -0.994368732 0.027892020 -0.102238849 2.943161488
-0.103223868 0.074338309 0.991876304 1.598743916 0.034014475 0.996883810 -0.071173742 -0.087882645 -0.994076312 0.026391326 -0.105430797 2.939646721
-0.104934655 0.078221627 0.991397977 1.636543989 0.032094091 0.996648967 -0.075238928 -0.090782173 -0.993961155 0.023922848 -0.107093446 2.935028076
-0.107855067 0.081619896 0.990810454 1.672391415 0.029123234 0.996455848 -0.078914732 -0.094126210 -0.993739903 0.020344255 -0.109849848 2.931618929
-0.110918343 0.084464297 0.990233779 1.712265968 0.026322255 0.996282041 -0.082031779 -0.097083800 -0.993480861 0.016966356 -0.112729259 2.928453207
-0.113113381 0.082451671 0.990155160 1.749723673 0.024544653 0.996478617 -0.080174305 -0.100757077 -0.993278861 0.015234224 -0.114738815 2.923529387
-0.116678610 0.078501016 0.990062416 1.789007783 0.021569382 0.996836543 -0.076496176 -0.103888571 -0.992935419 0.012429570 -0.118002705 2.920152903
-0.119352750 0.076835163 0.989874423 1.827477694 0.021579327 0.996966243 -0.074783750 -0.107209690 -0.992617369 0.012435182 -0.120648719 2.915864706
-0.121010192 0.077322319 0.989635170 1.866035938 0.021154806 0.996936083 -0.075305991 -0.110349163 -0.992425799 0.011822747 -0.122275144 2.910942793
-0.122329809 0.080155589 0.989247441 1.905079365 0.022309881 0.996703625 -0.078000911 -0.113294631 -0.992238641 0.012528158 -0.123714812 2.906387568
-0.122428551 0.083197534 0.988984048 1.944328666 0.023074144 0.996449411 -0.080969155 -0.116251357 -0.992208958 0.012907025 -0.123913579 2.901209593
-0.123557068 0.084129915 0.988764822 1.982668281 0.021149799 0.996396661 -0.082136385 -0.119617686 -0.992111981 0.010763643 -0.124891162 2.896946430
-0.123219751 0.081863262 0.988997102 2.022135019 0.019185182 0.996601939 -0.080102459 -0.123804033 -0.992194057 0.009103882 -0.124371596 2.892181873
-0.123496965 0.081115223 0.989024162 2.060715914 0.015188955 0.996691287 -0.079847448 -0.127218425 -0.992228746 0.005161325 -0.124320418 2.887907505
-0.123128578 0.082884699 0.988923371 2.100337267 0.011211673 0.996558666 -0.082128696 -0.130029902 -0.992327392 0.000975096 -0.123634145 2.882742405
-0.123300478 0.083071403 0.988886297 2.139335394 0.007242213 0.996538937 -0.082811259 -0.133549049 -0.992342949 -0.003048944 -0.123475365 2.878062963
-0.123738676 0.082298838 0.988896132 2.178835630 0.004142867 0.996589005 -0.082420655 -0.137130633 -0.992306173 -0.006101760 -0.123657569 2.873543978
-0.124736115 0.077493019 0.989159107 2.218357086 0.004464160 0.996979058 -0.077542707 -0.140307307 -0.992179930 -0.005256610 -0.124705218 2.869444370
-0.125389546 0.068400554 0.989746869 2.258164883 0.006457830 0.997655571 -0.068128988 -0.143678367 -0.992086589 -0.002151047 -0.125537306 2.864525557
-0.124740548 0.062601209 0.990212560 2.297278404 0.013301210 0.998023391 -0.061419431 -0.146887481 -0.992100239 0.005509533 -0.125326678 2.858845711
-0.123713635 0.065184377 0.990174711 2.338227272 0.022191949 0.997772336 -0.062911861 -0.149758428 -0.992069781 0.014190852 -0.124884605 2.853622437
-0.124030858 0.070096947 0.989799380 2.376748800 0.027142867 0.997368157 -0.067231715 -0.152644664 -0.991907120 0.018527180 -0.125607044 2.849689722
-0.121431574 0.076285675 0.989664018 2.417257547 0.031716723 0.996831417 -0.072946541 -0.155454606 -0.992092967 0.022530891 -0.123466320 2.843512297
-0.121246830 0.080950573 0.989316046 2.457302094 0.031722728 0.996475995 -0.077648625 -0.158316493 -0.992115438 0.021969158 -0.123387508 2.838904142
-0.121488497 0.077849224 0.989535213 2.497015476 0.029298401 0.996766448 -0.074821070 -0.161801696 -0.992160320 0.019901901 -0.123376511 2.834141493
-0.121764988 0.073047936 0.989867389 2.537572384 0.028903864 0.997126162 -0.070028111 -0.164999396 -0.992137909 0.020084020 -0.123526447 2.829392910
-0.121780939 0.071269482 0.989995122 2.577314854 0.026380926 0.997298777 -0.068550140 -0.167952597 -0.992206335 0.017768884 -0.123332158 2.825119495
-0.121009089 0.071934968 0.990041554 2.617071390 0.024778351 0.997278869 -0.069432266 -0.170960903 -0.992342114 0.016129661 -0.122462235 2.819316864
-0.121001132 0.076986708 0.989662409 2.656931400 0.025669908 0.996897221 -0.074410968 -0.174208373 -0.992320418 0.016400732 -0.122601926 2.815212250
-0.121007420 0.079554781 0.989458561 2.697996378 0.024858570 0.996713638 -0.077097997 -0.177306622 -0.992340267 0.015267100 -0.122587360 2.810427427
-0.121286437 0.078311317 0.989523590 2.737629652 0.024717627 0.996812165 -0.075858489 -0.180649161 -0.992309749 0.015258069 -0.122835465 2.806285381
-0.121073142 0.071886308 0.990037203 2.777638912 0.026460169 0.997253537 -0.069174439 -0.183929950 -0.992290854 0.017821385 -0.122642756 2.801408052
-0.120822728 0.069858819 0.990212917 2.819627047 0.025844429 0.997403920 -0.067212678 -0.186992884 -0.992337584 0.017470671 -0.122314535 2.795916319
-0.121078908 0.073191747 0.989940882 2.860444784 0.023295650 0.997212648 -0.070880130 -0.189871699 -0.992369413 0.014479226 -0.122446485 2.791505575
-0.121659026 0.076209642 0.989642024 2.901238680 0.022976885 0.996997118 -0.073951453 -0.192942917 -0.992305934 0.013742028 -0.123044744 2.787198305
-0.120915584 0.075572535 0.989782035 2.944281101 0.022138767 0.997055054 -0.073423326 -0.196091235 -0.992415845 0.013034527 -0.122232601 2.781850100
