0.999996722 -0.002269769 -0.001166168 -0.000378980 0.002273164 0.999993145 0.002917646 -0.000719277 0.001159538 -0.002920288 0.999995053 0.057720061
0.999994218 -0.002315735 -0.002491609 -0.000934061 0.002325705 0.999989271 0.004006479 -0.001568721 0.002482305 -0.004012251 0.999988854 0.114618167
0.999991477 -0.001266216 -0.003934356 -0.001609097 0.001279958 0.999993086 0.003492485 -0.001925065 0.003929907 -0.003497491 0.999986172 0.171524465
0.999987185 -0.000355579 -0.005033231 -0.002503201 0.000373431 0.999993622 0.003546388 -0.002733693 0.005031938 -0.003548222 0.999980986 0.228308082
0.999977529 -0.000496381 -0.006678898 -0.002997252 0.000521117 0.999993026 0.003702313 -0.003185661 0.006677013 -0.003705711 0.999970794 0.285102844
0.999969423 -0.000637760 -0.007794340 -0.003963184 0.000670290 0.999991179 0.004171665 -0.003798898 0.007791609 -0.004176763 0.999960959 0.343395352
0.999947846 -0.002499158 -0.009903148 -0.004407186 0.002533992 0.999990642 0.003506442 -0.004647024 0.009894293 -0.003531354 0.999944746 0.397669315
0.999919474 -0.004688914 -0.011794833 -0.005002077 0.004737839 0.999980271 0.004123399 -0.005106854 0.011775265 -0.004178949 0.999921918 0.455748707
0.999917626 -0.003001769 -0.012473410 -0.006046855 0.003049126 0.999988198 0.003779317 -0.005961597 0.012461916 -0.003817038 0.999915063 0.509604096
0.999910891 -0.002227029 -0.013164181 -0.007332251 0.002263220 0.999993682 0.002734938 -0.005957123 0.013158009 -0.002764488 0.999909580 0.567230761
0.999902546 -0.001308026 -0.013898667 -0.007987873 0.001369505 0.999989331 0.004414759 -0.007075209 0.013892744 -0.004433364 0.999893665 0.620202541
0.999877870 -0.001389358 -0.015562462 -0.008739859 0.001478261 0.999982595 0.005702647 -0.008058633 0.015554269 -0.005724955 0.999862671 0.677756071
0.999884129 0.001647226 -0.015131540 -0.010138660 -0.001560624 0.999982357 0.005733268 -0.007480151 0.015140715 -0.005708990 0.999868989 0.730870962
0.999869168 0.001904048 -0.016062155 -0.010945666 -0.001819678 0.999984503 0.005265731 -0.007762350 0.016071931 -0.005235814 0.999857128 0.786537588
0.999863923 0.002376837 -0.016323034 -0.011946867 -0.002291143 0.999983490 0.005266591 -0.007808330 0.016335282 -0.005228474 0.999852896 0.840425313
0.999855161 0.001631004 -0.016943751 -0.012046983 -0.001540027 0.999984324 0.005380987 -0.008092217 0.016952263 -0.005354113 0.999841988 0.897563338
0.999861062 0.004011370 -0.016180530 -0.014102997 -0.003899983 0.999968469 0.006909746 -0.008817341 0.016207740 -0.006845682 0.999845147 0.948957860
0.999859631 0.005096843 -0.015961410 -0.015589977 -0.005000683 0.999969125 0.006058630 -0.009683119 0.015991798 -0.005977961 0.999854207 1.003643632
0.999853492 0.005282178 -0.016282307 -0.016013969 -0.005220950 0.999979138 0.003800591 -0.009739921 0.016302044 -0.003715025 0.999860227 1.055164933
0.999861002 0.003199431 -0.016364524 -0.016870119 -0.003140210 0.999988437 0.003643288 -0.010285931 0.016375992 -0.003591394 0.999859512 1.109987736
0.999866009 0.003509867 -0.015984254 -0.017649956 -0.003414576 0.999976277 0.005984968 -0.010177815 0.016004883 -0.005929587 0.999854326 1.163055301
0.999876559 0.000979058 -0.015682908 -0.018983308 -0.000865303 0.999973297 0.007258606 -0.011002384 0.015689597 -0.007244139 0.999850631 1.213399053
0.999868453 -0.000782690 -0.016204335 -0.018988281 0.000893843 0.999976099 0.006853361 -0.011794667 0.016198585 -0.006866943 0.999845147 1.266058922
0.999875963 -0.000217150 -0.015750362 -0.020259829 0.000298985 0.999986529 0.005193561 -0.012271469 0.015749021 -0.005197626 0.999862432 1.319028020
0.999896526 0.000734495 -0.014368248 -0.021914519 -0.000674367 0.999990940 0.004189177 -0.012937235 0.014371194 -0.004179054 0.999888003 1.367597818
0.999908984 0.001916732 -0.013359030 -0.022624264 -0.001872111 0.999992549 0.003351823 -0.013621148 0.013365357 -0.003326509 0.999905109 1.420065284
0.999921024 0.001832335 -0.012435596 -0.023986490 -0.001780708 0.999989808 0.004161373 -0.013943466 0.012443094 -0.004138900 0.999914050 1.469306350
0.999939084 0.002758005 -0.010685141 -0.024834402 -0.002692397 0.999977589 0.006149631 -0.014655866 0.010701861 -0.006120489 0.999924004 1.517787814
0.999956369 0.002887171 -0.008891640 -0.025498092 -0.002820972 0.999968350 0.007448648 -0.014987250 0.008912863 -0.007423240 0.999932647 1.567464948
0.999972820 0.002695751 -0.006871396 -0.025578875 -0.002638858 0.999962330 0.008275509 -0.015551623 0.006893443 -0.008257152 0.999942124 1.615482330
0.999992073 0.002189813 -0.003325714 -0.026680116 -0.002165236 0.999970436 0.007375595 -0.016469786 0.003341767 -0.007368335 0.999967217 1.660861969
0.999999225 0.001201385 0.000176079 -0.026792888 -0.001202393 0.999982178 0.005841691 -0.016984824 -0.000169057 -0.005841898 0.999982893 1.707199335
0.999991059 0.001476329 0.003966150 -0.027155235 -0.001491462 0.999991536 0.003815344 -0.017474832 -0.003960484 -0.003821224 0.999984801 1.753847003
0.999965310 0.001298917 0.008228636 -0.027085163 -0.001337847 0.999987960 0.004727325 -0.018171351 -0.008222396 -0.004738172 0.999954939 1.798367977
0.999907672 0.000820082 0.013561059 -0.026955184 -0.000887216 0.999987423 0.004945146 -0.018971816 -0.013556832 -0.004956722 0.999895871 1.841106415
0.999788284 0.003757162 0.020229191 -0.026255988 -0.003823251 0.999987483 0.003229327 -0.018865928 -0.020216800 -0.003305985 0.999790192 1.885196447
0.999623239 0.004467485 0.027086234 -0.024563402 -0.004560745 0.999983907 0.003382313 -0.019621454 -0.027070686 -0.003504572 0.999627352 1.928999066
0.999340177 0.005994117 0.035823178 -0.023701333 -0.006154190 0.999971569 0.004359825 -0.020034194 -0.035796028 -0.004577410 0.999348521 1.970072627
0.998908401 0.007758689 0.046064891 -0.022451594 -0.008006042 0.999954522 0.005187626 -0.020937802 -0.046022549 -0.005550761 0.998924911 2.008350134
0.998148978 0.009631133 0.060049027 -0.022487566 -0.009991132 0.999933898 0.005697716 -0.021503087 -0.059990179 -0.006287127 0.998179078 2.046394110
0.997143865 0.012584236 0.074469544 -0.018151790 -0.013026201 0.999900281 0.005452098 -0.021670688 -0.074393488 -0.006406581 0.997208357 2.100381374
0.995796144 0.014886077 0.090379819 -0.014300078 -0.015546911 0.999857247 0.006612087 -0.021770503 -0.090268485 -0.007989417 0.995885372 2.140767813
0.993943155 0.016068427 0.108714268 -0.011020273 -0.016959850 0.999829650 0.007279991 -0.022131013 -0.108578756 -0.009079674 0.994046390 2.182136059
0.991686642 0.015227824 0.127772033 -0.005909085 -0.016215021 0.999846160 0.006689566 -0.022915611 -0.127650499 -0.008705779 0.991780996 2.223275900
0.988861442 0.014530346 0.148128420 -0.000471622 -0.015542869 0.999863148 0.005680139 -0.023219354 -0.148025602 -0.007919211 0.988951862 2.261808395
0.985582829 0.011686577 0.168789387 0.006497175 -0.012806755 0.999902606 0.005549394 -0.024033278 -0.168708116 -0.007631031 0.985636532 2.301611900
0.981602013 0.005943496 0.190845981 0.013854802 -0.007540407 0.999942362 0.007642417 -0.024433717 -0.190789551 -0.008940866 0.981590271 2.341865063
0.976731062 0.001534165 0.214462399 0.021854699 -0.003516179 0.999954522 0.008860599 -0.024297094 -0.214439064 -0.009408511 0.976692021 2.380227804
0.971298218 -0.003377663 0.237840980 0.031397998 0.001380432 0.999962389 0.008563392 -0.025223587 -0.237860918 -0.007989283 0.971266448 2.415869474
0.964643896 -0.010652273 0.263341725 0.041036189 0.009128531 0.999933779 0.007009107 -0.025801364 -0.263398916 -0.004357370 0.964677155 2.453153610
0.957036674 -0.013972388 0.289630055 0.051664293 0.012261046 0.999894977 0.007722434 -0.026110848 -0.289707541 -0.003839485 0.957107544 2.489454031
0.948335350 -0.016823640 0.316823244 0.061823249 0.014213563 0.999843359 0.010547772 -0.027165210 -0.316951036 -0.005499637 0.948426008 2.522054911
0.938460469 -0.021151252 0.344738543 0.075065911 0.017912617 0.999760449 0.012577362 -0.026663734 -0.344922006 -0.005628186 0.938614428 2.557918072
0.927490413 -0.024177209 0.373064339 0.089130163 0.020983104 0.999700189 0.012620701 -0.026999077 -0.373257607 -0.003877532 0.927719772 2.592301130
0.915270627 -0.024077715 0.402119249 0.103631616 0.022706123 0.999708772 0.008177809 -0.026768569 -0.402199000 0.001645661 0.915550828 2.625636101
0.901988983 -0.024623178 0.431056499 0.118887424 0.025728351 0.999663651 0.003266885 -0.027343068 -0.430991977 0.008143679 0.902319014 2.657611132
0.887685418 -0.026542854 0.459684819 0.135226369 0.029541185 0.999563336 0.000669998 -0.027489865 -0.459501922 0.012984889 0.888081849 2.689061642
0.872159481 -0.027053006 0.488473028 0.152838111 0.028629825 0.999581158 0.004241585 -0.028125897 -0.488383204 0.010285559 0.872568667 2.719200611
0.854725778 -0.026052736 0.518425465 0.173571229 0.025107764 0.999645650 0.008840719 -0.027246429 -0.518472075 0.005460112 0.855077088 2.751800537
0.835613728 -0.026910694 0.548657775 0.191253304 0.023821972 0.999634922 0.012749117 -0.028072914 -0.548800528 0.002416772 0.835949779 2.776856422
0.813679099 -0.020409508 0.580955803 0.210282564 0.019076593 0.999782681 0.008404853 -0.028674876 -0.581001163 0.004243803 0.813891709 2.806391239
0.791616023 -0.014015144 0.610858142 0.230827928 0.016683929 0.999859989 0.001319319 -0.029204627 -0.610790968 0.009147119 0.791738987 2.833797693
0.770944834 -0.012028540 0.636788368 0.255872846 0.016247755 0.999867737 -0.000783892 -0.029431753 -0.636694670 0.010950718 0.771038175 2.858609676
0.747226596 -0.013820042 0.664425790 0.277536988 0.017194735 0.999851108 0.001459336 -0.028811449 -0.664346874 0.010334169 0.747352839 2.884316444
0.722945333 -0.013599442 0.690771341 0.301377296 0.017403981 0.999847531 0.001469720 -0.028669834 -0.690685987 0.010959645 0.723071814 2.908952236
0.698321819 -0.011760926 0.715687335 0.326247096 0.018461628 0.999828219 -0.001583442 -0.028900413 -0.715545952 0.014318504 0.698419034 2.931511879
0.672232389 -0.009479951 0.740279555 0.352456212 0.018138921 0.999828696 -0.003667857 -0.029917652 -0.740117967 0.015893523 0.672289252 2.955341339
0.643955052 -0.007019685 0.765031099 0.376285553 0.015796637 0.999866664 -0.004122150 -0.030782688 -0.764900208 0.014739399 0.643980145 2.977610111
0.617229939 -0.005131290 0.786766052 0.403732896 0.015442330 0.999865055 -0.005593617 -0.031062141 -0.786631227 0.015602050 0.617225885 2.996893406
0.588041246 0.001130339 0.808830142 0.431794167 0.014255285 0.999829113 -0.011761235 -0.032042734 -0.808705270 0.018446196 0.587924719 3.018357754
0.558176100 0.010409745 0.829657257 0.459922194 0.012827476 0.999693573 -0.021173257 -0.032932453 -0.829623282 0.022460815 0.557871580 3.037135363
0.526629925 0.019080723 0.849880517 0.488216877 0.013506327 0.999434173 -0.030807579 -0.032375250 -0.849987388 0.027702957 0.526074171 3.055964231
0.494665921 0.022996191 0.868779004 0.517485023 0.010570496 0.999416709 -0.032472752 -0.034493223 -0.869018853 0.025246589 0.494134307 3.072978258
0.462964624 0.022959670 0.886079431 0.550274014 0.009270778 0.999484241 -0.030742016 -0.035393074 -0.886328340 0.022447104 0.462512910 3.089788198
0.428685427 0.021881167 0.903188765 0.581656575 0.004345317 0.999645174 -0.026280412 -0.036748946 -0.903443396 0.015190672 0.428438187 3.106138468
0.394754916 0.023614258 0.918482900 0.614770412 0.000246099 0.999666870 -0.025807273 -0.037640579 -0.918786407 0.010413587 0.394617647 3.120430946
0.359110445 0.026306225 0.932924271 0.647421837 -0.006716662 0.999649763 -0.025602274 -0.039007384 -0.933270872 0.002927907 0.359161317 3.134159803
0.322823495 0.028107317 0.946041763 0.681626737 -0.011631154 0.999601305 -0.025729628 -0.040368639 -0.946387708 -0.002697427 0.323021710 3.146547079
0.287268400 0.027462352 0.957456410 0.716584980 -0.015017964 0.999595106 -0.024165122 -0.041951913 -0.957732439 -0.007437173 0.287564486 3.157016039
0.250745863 0.027056677 0.967674732 0.751902342 -0.015120043 0.999596834 -0.024031300 -0.042913821 -0.967934847 -0.008605535 0.251053840 3.166758537
0.214392632 0.026564972 0.976386189 0.788352072 -0.014548477 0.999606073 -0.024002200 -0.044008117 -0.976639152 -0.009059037 0.214694634 3.175252914
0.179523781 0.025156802 0.983431935 0.824857771 -0.012221796 0.999652863 -0.023340678 -0.045272678 -0.983677685 -0.007829098 0.179768950 3.181574106
0.145132899 0.023909573 0.989123225 0.862269759 -0.004210623 0.999713778 -0.023547750 -0.046588186 -0.989403129 -0.000747273 0.145192057 3.186777830
0.111434735 0.027737617 0.993384600 0.899615347 -0.001274800 0.999613523 -0.027768541 -0.047687888 -0.993770897 0.001828014 0.111427031 3.190932751
0.078970164 0.032545552 0.996345520 0.937296927 -0.000740825 0.999468505 -0.032588840 -0.049335644 -0.996876717 0.001835429 0.078952320 3.193799496
0.049210064 0.036617544 0.998116970 0.975260377 0.006043642 0.999298513 -0.036958862 -0.050632410 -0.998770177 0.007851010 0.048954241 3.196066856
0.024318803 0.034680266 0.999102473 1.013492942 0.007777181 0.999361277 -0.034878552 -0.052302763 -0.999673963 0.008618404 0.024033556 3.196293116
0.002236737 0.031753216 0.999493182 1.052106261 0.009597883 0.999448955 -0.031773288 -0.053869255 -0.999951422 0.009664087 0.001930736 3.196374655
-0.017187368 0.028947765 0.999433279 1.090767145 0.009728040 0.999538302 -0.028783523 -0.055496149 -0.999804974 0.009227812 -0.017461041 3.196070433
-0.033751514 0.032348238 0.998906672 1.130001664 0.012058701 0.999416411 -0.031957310 -0.056853060 -0.999357462 0.010966906 -0.034121893 3.194947720
-0.047926996 0.036509067 0.998183310 1.168993592 0.014456484 0.999252498 -0.035854049 -0.058408804 -0.998746336 0.012711842 -0.048418958 3.192501545
-0.059937924 0.041575640 0.997335911 1.207216144 0.019288873 0.998993993 -0.040485542 -0.060184352 -0.998015761 0.016810862 -0.060679566 3.190019131
-0.068496846 0.045193978 0.996627152 1.247088432 0.024443403 0.998749495 -0.043610252 -0.061822709 -0.997351825 0.021373795 -0.069515891 3.186879873
-0.074551389 0.050268807 0.995949388 1.285855055 0.028730422 0.998422325 -0.048243012 -0.064080805 -0.996803164 0.025017465 -0.075878017 3.183880091
-0.077969193 0.055467416 0.995411515 1.324547887 0.030590624 0.998113990 -0.053221878 -0.065882325 -0.996486306 0.026300590 -0.079518937 3.180765629
-0.080956407 0.059086844 0.994964778 1.363018274 0.032543808 0.997865677 -0.056611158 -0.068509966 -0.996186197 0.027796911 -0.082706541 3.177419901
-0.083395816 0.062196814 0.994573653 1.403354168 0.033391789 0.997664273 -0.059590161 -0.070958272 -0.995956898 0.028241023 -0.085277900 3.174093962
-0.085911095 0.065483719 0.994148433 1.442702770 0.035394304 0.997408450 -0.062639780 -0.073712565 -0.995673954 0.029805748 -0.088006184 3.170953512
-0.088134378 0.069300264 0.993695021 1.481759667 0.035629805 0.997157931 -0.066381641 -0.076465301 -0.995471120 0.029554652 -0.090353049 3.167015553
-0.090155989 0.071025118 0.993391812 1.521785855 0.039072029 0.996938169 -0.067732647 -0.078849874 -0.995160878 0.032707334 -0.092655040 3.163276911
-0.092309207 0.069292761 0.993316472 1.560974240 0.038067289 0.997091949 -0.066018552 -0.082143441 -0.995002449 0.031718742 -0.094678558 3.159335613
-0.094254151 0.069637686 0.993109643 1.601642132 0.037026208 0.997105539 -0.066403814 -0.084553428 -0.994859397 0.030512249 -0.096559770 3.155294180
-0.097026289 0.070498973 0.992781758 1.642480135 0.037019100 0.997053564 -0.067184366 -0.088096365 -0.994593143 0.030233245 -0.099350221 3.151807308
-0.099833600 0.072760329 0.992340207 1.681925178 0.036303755 0.996925056 -0.069444180 -0.091049589 -0.994341671 0.029092818 -0.102168076 3.148730516
-0.102038860 0.075330168 0.991924047 1.723705769 0.034486942 0.996797144 -0.072152592 -0.093729720 -0.994182408 0.026846059 -0.104309954 3.143394709
-0.104510069 0.078549132 0.991417050 1.762266636 0.032046143 0.996624410 -0.075583570 -0.097191393 -0.994007409 0.023871846 -0.106674500 3.140006304
-0.106922053 0.082417227 0.990845621 1.804917693 0.030188741 0.996368110 -0.079618901 -0.100724570 -0.993808985 0.021399362 -0.109021798 3.135624170
-0.108601093 0.085799769 0.990375698 1.845096827 0.026826849 0.996158361 -0.083358996 -0.103165932 -0.993723392 0.017515780 -0.110485636 3.129566669
-0.110922039 0.083907992 0.990280569 1.888861299 0.025173038 0.996347010 -0.081602350 -0.107050218 -0.993510306 0.015876871 -0.112629049 3.124589682
-0.114995122 0.079454176 0.990183413 1.929199457 0.023348281 0.996736884 -0.077268496 -0.110968858 -0.993091643 0.014233580 -0.116475001 3.121603251
-0.117078662 0.078310139 0.990030348 1.970301151 0.023930509 0.996819317 -0.076017171 -0.113712944 -0.992834270 0.014791943 -0.118580289 3.116271496
-0.119569018 0.078379259 0.989727199 2.012167692 0.023750113 0.996819437 -0.076071665 -0.117591120 -0.992541790 0.014410322 -0.121050239 3.111899376
-0.120082960 0.081817009 0.989386737 2.055216312 0.023456078 0.996553898 -0.079562783 -0.120311506 -0.992486835 0.013652995 -0.121588230 3.105903149
-0.121757843 0.083712302 0.989023447 2.094197273 0.025380457 0.996373892 -0.081209883 -0.124652743 -0.992235363 0.015213924 -0.123440996 3.101473570
-0.121724397 0.084335648 0.988974571 2.137727737 0.023647944 0.996347249 -0.082053736 -0.128789097 -0.992282331 0.013399269 -0.123274140 3.096806049
-0.122415259 0.082820207 0.989017308 2.178565025 0.020891797 0.996506274 -0.080861457 -0.132613584 -0.992259145 0.010763674 -0.123717844 3.092611790
-0.121920824 0.081670284 0.989174008 2.222455025 0.017165035 0.996633351 -0.080170490 -0.136714548 -0.992391407 0.007204755 -0.122912236 3.087115526
-0.121302195 0.082874976 0.989149809 2.266402483 0.013218494 0.996554971 -0.081874385 -0.140429139 -0.992527604 0.003143530 -0.121979788 3.081721067
-0.122190207 0.081648350 0.989142597 2.308192015 0.008938968 0.996660531 -0.081164673 -0.145225182 -0.992466390 -0.001075615 -0.122512028 3.077351809
-0.123611473 0.082152076 0.988924205 2.351641417 0.004578680 0.996603847 -0.082217723 -0.148583263 -0.992320180 -0.005635088 -0.123567827 3.074015379
-0.122677647 0.077186614 0.989440441 2.395205975 0.006504424 0.997012258 -0.076970808 -0.151622519 -0.992425263 -0.003006858 -0.122813158 3.066658020
-0.122142293 0.067929819 0.990185261 2.439964533 0.010165169 0.997688353 -0.067190647 -0.155408546 -0.992460608 0.001858580 -0.122550450 3.060282230
-0.122358799 0.063319281 0.990464151 2.483058929 0.015095767 0.997966230 -0.061933991 -0.158206597 -0.992371142 0.007373646 -0.123065799 3.054886103
-0.122329913 0.066021480 0.990291119 2.526809454 0.023340138 0.997700512 -0.063632257 -0.161068112 -0.992215097 0.015329406 -0.123589553 3.049586535
-0.121596880 0.071537033 0.989998281 2.571095943 0.027944099 0.997250795 -0.068628855 -0.164132297 -0.992186189 0.019319553 -0.123261631 3.044234514
-0.121716462 0.077608772 0.989526093 2.613878250 0.030960036 0.996750236 -0.074367121 -0.167196810 -0.992081940 0.021584060 -0.123723671 3.039611816
-0.118935704 0.081597410 0.989543438 2.658616066 0.033933930 0.996369302 -0.078081682 -0.171455681 -0.992321908 0.024292402 -0.121272787 3.032991171
-0.118652478 0.078933403 0.989793479 2.702315807 0.030758096 0.996649086 -0.075792961 -0.174723670 -0.992459357 0.021451144 -0.120682724 3.027539968
-0.118581608 0.074244022 0.990164757 2.746526718 0.030014895 0.997013032 -0.071162939 -0.178330392 -0.992490649 0.021281075 -0.120455824 3.022646666
-0.118590035 0.072359696 0.990303218 2.790206909 0.028022956 0.997187793 -0.069506973 -0.181674853 -0.992547810 0.019508386 -0.120284252 3.017764330
-0.118896641 0.072308853 0.990270197 2.833570004 0.025889006 0.997231424 -0.069708802 -0.185123563 -0.992569089 0.017348964 -0.120439462 3.013024807
-0.118133470 0.078894608 0.989858627 2.879791737 0.027318977 0.996719658 -0.076181099 -0.187990338 -0.992621779 0.018042387 -0.119901299 3.007191420
-0.116840228 0.081465229 0.989803851 2.924902201 0.027196743 0.996518791 -0.078807473 -0.191886514 -0.992778301 0.017711556 -0.118649058 3.001082897
-0.117090747 0.079555102 0.989929676 2.969117165 0.026921548 0.996674299 -0.076912820 -0.195925534 -0.992756188 0.017644662 -0.118843079 2.996799231
-0.116320066 0.073881559 0.990459979 3.013642073 0.028006520 0.997076929 -0.071086034 -0.198580876 -0.992816806 0.019470610 -0.118049204 2.991013050
-0.117372431 0.071533211 0.990508318 3.059770107 0.027446806 0.997255027 -0.068768099 -0.202728152 -0.992708564 0.019114813 -0.119013630 2.986270666
-0.116736919 0.073769130 0.990419447 3.105612516 0.026198195 0.997119308 -0.071180284 -0.206867471 -0.992817223 0.017637838 -0.118333258 2.981118441
-0.115497679 0.077209592 0.990302444 3.151408911 0.025307041 0.996879578 -0.074770845 -0.209896013 -0.992985308 0.016425768 -0.117091216 2.975195408
-0.117985368 0.076951459 0.990029216 3.196379900 0.023563502 0.996929109 -0.074679621 -0.213171065 -0.992735744 0.014517453 -0.119436309 2.971396446
