0.999999762 -0.000661326 -0.000128135 -0.000191285 0.000661555 0.999998152 0.001795907 -0.000668968 0.000126947 -0.001795991 0.999998391 0.035234053
0.999998689 -0.001566894 -0.000459663 -0.000529659 0.001567540 0.999997795 0.001407264 -0.001019914 0.000457457 -0.001407983 0.999998927 0.071814559
0.999995172 -0.003074160 -0.000497845 -0.000524978 0.003074546 0.999994934 0.000776436 -0.001591574 0.000495456 -0.000777962 0.999999523 0.105783723
0.999994934 -0.003165384 0.000371320 -0.001412075 0.003165142 0.999994755 0.000650102 -0.002159062 -0.000373375 -0.000648924 0.999999702 0.142869517
0.999992490 -0.003866039 0.000201828 -0.001356323 0.003865661 0.999990761 0.001844830 -0.002950108 -0.000208958 -0.001844036 0.999998271 0.178261906
0.999986589 -0.005161187 -0.000109831 -0.000832511 0.005161489 0.999982297 0.002960940 -0.003257093 0.000094547 -0.002961467 0.999995589 0.211732522
0.999989331 -0.004598607 0.000372035 -0.001697648 0.004597138 0.999982059 0.003858396 -0.004004590 -0.000389771 -0.003856644 0.999992430 0.247700289
0.999992609 -0.003780708 -0.000605520 -0.001553015 0.003781931 0.999990821 0.002033557 -0.004559649 0.000597826 -0.002035832 0.999997675 0.284483701
0.999998808 -0.001113638 -0.001038705 -0.001421008 0.001113451 0.999999344 -0.000179594 -0.005024025 0.001038905 0.000178437 0.999999404 0.319686234
0.999997616 0.001889294 -0.001070566 -0.001769414 -0.001890400 0.999997616 -0.001032650 -0.005558376 0.001068613 0.001034672 0.999998927 0.356288940
0.999987781 0.004683499 -0.001559292 -0.002256415 -0.004685550 0.999988258 -0.001313609 -0.006334647 0.001553122 0.001320898 0.999997914 0.395226389
0.999983907 0.005628435 -0.000617202 -0.002433779 -0.005628709 0.999984026 -0.000441337 -0.006763954 0.000614709 0.000444804 0.999999702 0.427810341
0.999995947 0.002801175 -0.000521842 -0.002364123 -0.002799693 0.999992073 0.002821322 -0.007501839 0.000529741 -0.002819850 0.999995887 0.465074986
0.999999404 -0.000939450 -0.000456525 -0.002187306 0.000941253 0.999991715 0.003966510 -0.007659522 0.000452795 -0.003966938 0.999992013 0.501769423
0.999994278 -0.003281535 -0.000797433 -0.002523407 0.003282530 0.999993861 0.001248349 -0.008146117 0.000793332 -0.001250959 0.999998927 0.538381517
0.999988317 -0.004829249 -0.000207281 -0.002807742 0.004829192 0.999988258 -0.000279101 -0.008829431 0.000208626 0.000278097 0.999999940 0.572526336
0.999997139 -0.002200562 0.000922671 -0.003596993 0.002202689 0.999994874 -0.002311112 -0.009068125 -0.000917581 0.002313138 0.999996901 0.609595239
0.999998629 0.000301799 0.001676416 -0.004493855 -0.000301378 1.000000000 -0.000251082 -0.009558285 -0.001676492 0.000250577 0.999998629 0.646605253
0.999993622 0.002164699 0.002848768 -0.005825672 -0.002172609 0.999993742 0.002776614 -0.010023315 -0.002842739 -0.002782786 0.999992132 0.683819830
0.999995887 -0.002180368 0.001874694 -0.002970408 0.002169634 0.999981344 0.005709108 -0.010956689 -0.001887108 -0.005705018 0.999981880 0.719630837
0.999977946 -0.006385741 0.001833222 -0.003417012 0.006378403 0.999971747 0.003981058 -0.011335910 -0.001858593 -0.003969277 0.999990344 0.757420599
0.999979436 -0.006318153 0.001024984 -0.002375772 0.006316187 0.999978185 0.001911073 -0.012339663 -0.001037036 -0.001904561 0.999997616 0.792915165
0.999970198 -0.006899206 0.003478902 -0.004123283 0.006900229 0.999976099 -0.000282312 -0.012841216 -0.003476872 0.000306309 0.999993861 0.827753067
0.999992430 -0.002950316 0.002522718 -0.003630476 0.002956025 0.999993086 -0.002262336 -0.012466037 -0.002516026 0.002269776 0.999994218 0.868968308
0.999992013 -0.002856026 0.002805183 -0.002888906 0.002867353 0.999987721 -0.004042202 -0.013566787 -0.002793603 0.004050213 0.999987841 0.904177725
0.999992669 -0.002921136 0.002479915 -0.002735699 0.002929330 0.999990284 -0.003307182 -0.014235408 -0.002470229 0.003314422 0.999991417 0.942234933
0.999994993 -0.001991120 0.002475159 -0.003252478 0.001996323 0.999995828 -0.002101307 -0.014986293 -0.002470964 0.002106238 0.999994695 0.979312837
0.999996543 -0.001736525 0.002020046 -0.002899915 0.001738398 0.999998033 -0.000925694 -0.015027963 -0.002018434 0.000929202 0.999997497 1.016958952
0.999995589 0.001386174 0.002637576 -0.003590057 -0.001385099 0.999998987 -0.000408748 -0.016325481 -0.002638139 0.000405093 0.999996364 1.053681493
0.999988317 0.003822026 0.002952083 -0.003909117 -0.003818657 0.999992073 -0.001145969 -0.016381830 -0.002956439 0.001134682 0.999994934 1.091724992
0.999974310 0.006486002 0.003059450 -0.004332024 -0.006485027 0.999978900 -0.000328233 -0.017466214 -0.003061514 0.000308384 0.999995232 1.129425168
0.999967277 0.007479280 0.003083175 -0.004513166 -0.007474932 0.999971032 -0.001419267 -0.017164983 -0.003093701 0.001396174 0.999994159 1.166273355
0.999979138 0.005745517 0.002965333 -0.005123774 -0.005743155 0.999983251 -0.000804504 -0.018149035 -0.002969906 0.000787457 0.999995232 1.204176903
0.999989212 0.004518202 0.001058039 -0.004006688 -0.004517323 0.999989450 -0.000831186 -0.019472627 -0.001061783 0.000826398 0.999999106 1.242199421
0.999991357 0.003928602 0.001330046 -0.005097334 -0.003928118 0.999992251 -0.000365816 -0.020376263 -0.001331473 0.000360589 0.999999046 1.279715180
0.999988496 0.004781502 -0.000292398 -0.004744273 -0.004781482 0.999988556 0.000066783 -0.020477284 0.000292714 -0.000065385 0.999999940 1.317714691
0.999993622 0.003179719 -0.001640740 -0.005162559 -0.003179337 0.999994934 0.000234842 -0.021293381 0.001641479 -0.000229624 0.999998629 1.356505752
0.999988139 0.004096282 -0.002632692 -0.005425739 -0.004094386 0.999991298 0.000725243 -0.021928551 0.002635640 -0.000714455 0.999996305 1.393635273
0.999978185 0.005296037 -0.003926729 -0.005596404 -0.005297697 0.999985814 -0.000412245 -0.022110593 0.003924490 0.000433039 0.999992192 1.432761192
0.999987662 0.002311884 -0.004398462 -0.006372293 -0.002299609 0.999993443 0.002793693 -0.023483884 0.004404892 -0.002783543 0.999986410 1.469914913
0.999986291 0.001090199 -0.005120358 -0.006045450 -0.001079453 0.999997199 0.002101158 -0.023593990 0.005122635 -0.002095602 0.999984682 1.508705616
0.999987900 -0.000754549 -0.004859449 -0.007277978 0.000760752 0.999998868 0.001274688 -0.024053466 0.004858481 -0.001278369 0.999987364 1.548116565
0.999985039 -0.001911094 -0.005129726 -0.008433910 0.001922102 0.999995828 0.002141794 -0.024366112 0.005125611 -0.002151621 0.999984562 1.585198998
0.999976575 -0.004903243 -0.004775263 -0.008551014 0.004916943 0.999983788 0.002861551 -0.024940483 0.004761156 -0.002884964 0.999984503 1.618083715
0.999962568 -0.006934431 -0.005170824 -0.007840946 0.006955071 0.999967873 0.003984388 -0.025721898 0.005143029 -0.004020203 0.999978721 1.661322594
0.999949098 -0.008752773 -0.005024628 -0.007982258 0.008772321 0.999953985 0.003881998 -0.026386466 0.004990419 -0.003925878 0.999979913 1.699197650
0.999956965 -0.008615066 -0.003441669 -0.008727834 0.008625786 0.999957919 0.003112032 -0.027441770 0.003414714 -0.003141585 0.999989212 1.736568451
0.999930739 -0.010896673 -0.004441573 -0.006956315 0.010910496 0.999935687 0.003099622 -0.027939983 0.004407512 -0.003147868 0.999985337 1.773765802
0.999933541 -0.010964001 -0.003563741 -0.008597244 0.010972012 0.999937236 0.002236000 -0.027121836 0.003539002 -0.002274953 0.999991179 1.813285589
0.999969900 -0.007386568 -0.002390890 -0.009576332 0.007394505 0.999967098 0.003328501 -0.028261133 0.002366226 -0.003346081 0.999991596 1.849815488
0.999982297 -0.005530150 -0.002196976 -0.008990703 0.005541223 0.999971747 0.005066822 -0.027853940 0.002168894 -0.005078907 0.999984801 1.884123683
0.999991000 0.004236441 -0.000352049 -0.010046674 -0.004234557 0.999977529 0.005192753 -0.030146942 0.000374039 -0.005191216 0.999986529 1.924339771
0.999965847 0.008206513 -0.000963147 -0.009370678 -0.008202429 0.999957621 0.004170900 -0.029936057 0.000997334 -0.004162858 0.999990880 1.966673732
0.999904454 0.013723384 -0.001610866 -0.005377189 -0.013716612 0.999897301 0.004141239 -0.032427281 0.001667532 -0.004118748 0.999990106 1.997578382
0.999956310 0.009327420 0.000578179 -0.011100465 -0.009329454 0.999949872 0.003624133 -0.029937947 -0.000544346 -0.003629368 0.999993265 2.036463261
0.999964118 0.008380568 0.001195821 -0.011727346 -0.008385533 0.999955952 0.004211235 -0.030463010 -0.001160476 -0.004221112 0.999990463 2.073017836
0.999938846 0.010835753 0.002173983 -0.011379506 -0.010844480 0.999933004 0.004043098 -0.031725869 -0.002130028 -0.004066427 0.999989510 2.103046656
0.999966562 0.008140041 0.000804692 -0.011802135 -0.008141860 0.999964178 0.002283177 -0.031847969 -0.000786078 -0.002289651 0.999997079 2.149524689
0.999979973 0.006294558 -0.000826325 -0.009666489 -0.006292049 0.999975681 0.003002946 -0.033102222 0.000845207 -0.002997685 0.999995112 2.184038639
0.999984503 0.005569022 0.000070639 -0.011260663 -0.005569220 0.999979317 0.003217374 -0.032755364 -0.000052720 -0.003217717 0.999994814 2.217386961
0.999983609 0.005692260 -0.000633135 -0.011625853 -0.005690586 0.999980390 0.002613126 -0.033237975 0.000647997 -0.002609481 0.999996305 2.254648209
0.999942303 0.010264514 -0.003160553 -0.007188524 -0.010257269 0.999944746 0.002300230 -0.035492927 0.003183989 -0.002267679 0.999992371 2.291740417
0.999966383 0.007629190 -0.003029531 -0.009509910 -0.007619040 0.999965429 0.003347860 -0.035028689 0.003054968 -0.003324665 0.999989808 2.326549768
0.999969125 0.006417324 -0.004535147 -0.010166579 -0.006399742 0.999972045 0.003880370 -0.035428572 0.004559922 -0.003851227 0.999982178 2.365041018
0.999975920 0.003925904 -0.005727069 -0.010611889 -0.003900113 0.999982297 0.004507599 -0.036779992 0.005744662 -0.004485154 0.999973416 2.401662827
0.999980032 -0.002871542 -0.005626993 -0.012653359 0.002905249 0.999977767 0.005991342 -0.036623690 0.005609664 -0.006007570 0.999966204 2.433089495
0.999976933 -0.003482213 -0.005823532 -0.013088091 0.003514044 0.999978840 0.005464721 -0.037261300 0.005804379 -0.005485059 0.999968112 2.469061613
0.999962032 -0.005311312 -0.006912093 -0.012434281 0.005343582 0.999974847 0.004658534 -0.037159216 0.006887176 -0.004695293 0.999965310 2.505048990
0.999968946 -0.005057104 -0.006047057 -0.013587047 0.005083818 0.999977291 0.004410529 -0.037885673 0.006024616 -0.004441133 0.999971986 2.538470745
0.999978662 -0.002275708 -0.006114954 -0.013352512 0.002299510 0.999989748 0.003888184 -0.039244514 0.006106043 -0.003902162 0.999973714 2.575279951
0.999968052 -0.005551552 -0.005753374 -0.015344684 0.005573597 0.999977171 0.003822844 -0.039339751 0.005732019 -0.003854788 0.999976158 2.611250162
0.999974489 -0.003629837 -0.006150133 -0.014968421 0.003652058 0.999986887 0.003605946 -0.039854426 0.006136963 -0.003628315 0.999974608 2.647444487
0.999979973 -0.003028799 -0.005552696 -0.015866840 0.003055307 0.999983907 0.004771739 -0.039988670 0.005538153 -0.004788609 0.999973238 2.682055950
0.999986708 -0.002377016 -0.004553463 -0.017206179 0.002407456 0.999974728 0.006691353 -0.041000962 0.004537442 -0.006702227 0.999967277 2.717340469
0.999986172 -0.002791644 -0.004460433 -0.017723290 0.002814692 0.999982655 0.005169595 -0.041362658 0.004445924 -0.005182078 0.999976635 2.751509666
0.999968350 -0.006110863 -0.005089416 -0.016883075 0.006132652 0.999971986 0.004276704 -0.043610588 0.005063139 -0.004307779 0.999977946 2.782644033
0.999977410 -0.003853888 -0.005495106 -0.016822599 0.003864498 0.999990702 0.001921469 -0.042656738 0.005487650 -0.001942661 0.999983013 2.821284533
0.999984860 -0.003204221 -0.004477768 -0.017120460 0.003217792 0.999990225 0.003026875 -0.044291332 0.004468027 -0.003041238 0.999985337 2.849119902
0.999971390 -0.005342919 -0.005354139 -0.016540939 0.005370998 0.999971807 0.005243705 -0.044968277 0.005325972 -0.005272312 0.999971926 2.892792225
0.999951005 -0.009287364 -0.003430645 -0.018261280 0.009303910 0.999945104 0.004838773 -0.043511588 0.003385518 -0.004870454 0.999982417 2.926735878
0.999931991 -0.011257660 -0.003041655 -0.017967770 0.011269762 0.999928534 0.003990813 -0.044332013 0.002996510 -0.004024821 0.999987364 2.961277962
0.999962389 -0.008572389 -0.001335761 -0.019272408 0.008574060 0.999962449 0.001250358 -0.044537000 0.001324992 -0.001261764 0.999998331 2.995548487
0.999979675 -0.006232755 -0.001362242 -0.018501848 0.006231945 0.999980390 -0.000597948 -0.045325186 0.001365941 0.000589446 0.999998868 3.036370754
0.999993086 -0.003589600 0.000949554 -0.019733652 0.003590551 0.999993086 -0.001001172 -0.045446198 -0.000945954 0.001004575 0.999999046 3.067464590
0.999997616 -0.000731406 0.002042165 -0.018970443 0.000729434 0.999999344 0.000966826 -0.046895400 -0.002042870 -0.000965334 0.999997497 3.102325439
0.999995589 -0.002119230 0.002086551 -0.019765506 0.002112474 0.999992490 0.003234563 -0.047056377 -0.002093390 -0.003230141 0.999992549 3.142030239
0.999988556 -0.003208374 0.003546240 -0.018940136 0.003194614 0.999987364 0.003879042 -0.047301870 -0.003558640 -0.003867669 0.999986112 3.170922041
0.999991715 -0.001123523 0.003921132 -0.017054662 0.001108449 0.999992013 0.003844495 -0.048992701 -0.003925419 -0.003840116 0.999984920 3.203159809
0.999978542 0.002021333 0.006224357 -0.019935301 -0.002035388 0.999995291 0.002252539 -0.048779931 -0.006219774 -0.002265160 0.999978065 3.242839098
0.999973595 0.000976407 0.007202893 -0.018939281 -0.000997376 0.999995291 0.002908069 -0.049070008 -0.007200019 -0.002915176 0.999969780 3.273747206
0.999943912 0.005266414 0.009187598 -0.020651199 -0.005274949 0.999985695 0.000905028 -0.049623694 -0.009182700 -0.000953442 0.999957383 3.310760260
0.999951601 0.004347932 0.008826874 -0.018186331 -0.004356015 0.999990106 0.000896714 -0.050443333 -0.008822888 -0.000935120 0.999960661 3.344562054
0.999953270 0.002564365 0.009327952 -0.017044235 -0.002569503 0.999996543 0.000538882 -0.050406735 -0.009326538 -0.000562825 0.999956369 3.379483461
0.999943256 0.003360069 0.010103287 -0.015350871 -0.003375106 0.999993265 0.001471737 -0.051625878 -0.010098275 -0.001505754 0.999947965 3.416067600
0.999945581 -0.000084554 0.010440117 -0.015544556 0.000051066 0.999994814 0.003207789 -0.052077420 -0.010440335 -0.003207081 0.999940395 3.450202227
0.999942124 -0.000203544 0.010759901 -0.014963783 0.000172519 0.999995768 0.002884072 -0.051999621 -0.010760443 -0.002882049 0.999938011 3.485800028
0.999946833 -0.002807117 0.009925146 -0.013685629 0.002780152 0.999992430 0.002729482 -0.051687956 -0.009932730 -0.002701744 0.999947071 3.520407677
0.999929667 -0.001897487 0.011713496 -0.015156426 0.001861936 0.999993682 0.003045250 -0.051817968 -0.011719201 -0.003023226 0.999926805 3.551477432
0.999927223 -0.003336651 0.011593429 -0.016469508 0.003302531 0.999990106 0.002961066 -0.053499889 -0.011603197 -0.002922563 0.999928415 3.586772680
0.999944329 -0.003525020 0.009941217 -0.015341628 0.003501935 0.999991119 0.002338605 -0.053831942 -0.009949371 -0.002303661 0.999947846 3.621590853
0.999946773 -0.005499595 0.008724953 -0.015015084 0.005467372 0.999978125 0.003712820 -0.055177536 -0.008745181 -0.003664920 0.999955118 3.657856464
0.999945402 -0.007520520 0.007244998 -0.014269518 0.007489270 0.999962568 0.004331088 -0.056786999 -0.007277299 -0.004276592 0.999964416 3.694802284
0.999960303 -0.006760232 0.005810411 -0.013701243 0.006737734 0.999969721 0.003882908 -0.057127908 -0.005836486 -0.003843605 0.999975622 3.730970621
0.999939561 -0.009211137 0.005997110 -0.015826507 0.009187526 0.999949992 0.003952656 -0.056450132 -0.006033218 -0.003897319 0.999974191 3.761175156
0.999963701 -0.006098216 0.005947004 -0.016290000 0.006081456 0.999977469 0.002832304 -0.056054283 -0.005964143 -0.002796035 0.999978244 3.792995214
0.999946773 -0.009663541 0.003637966 -0.015087005 0.009659530 0.999952734 0.001118485 -0.057674050 -0.003648603 -0.001083285 0.999992728 3.831661463
0.999907315 -0.013173649 0.003450011 -0.015110484 0.013173004 0.999913216 0.000209776 -0.058013551 -0.003452475 -0.000164310 0.999993980 3.865192413
0.999787211 -0.020551549 0.001757259 -0.014294572 0.020546168 0.999784350 0.003027650 -0.059003945 -0.001819104 -0.002990901 0.999993861 3.901066303
0.999522388 -0.030903894 0.000471795 -0.015154450 0.030901417 0.999511898 0.004577670 -0.058930650 -0.000613033 -0.004560903 0.999989390 3.935565472
0.999413192 -0.034243055 -0.000828890 -0.014681257 0.034244016 0.999412775 0.001173841 -0.059264787 0.000788208 -0.001201537 0.999998987 3.970388412
0.999423444 -0.033955727 -0.000187627 -0.015126428 0.033955373 0.999422014 -0.001654321 -0.060345445 0.000243692 0.001646997 0.999998629 4.006357193
0.999530554 -0.030630229 0.000786721 -0.015246411 0.030633235 0.999522030 -0.004151378 -0.060667701 -0.000659187 0.004173530 0.999991119 4.041472435
0.999537885 -0.030348180 0.001716317 -0.015516942 0.030354755 0.999531388 -0.003944903 -0.061792620 -0.001595792 0.003995180 0.999990761 4.076088905
0.999451935 -0.033058692 0.001733261 -0.014417585 0.033059593 0.999453306 -0.000495150 -0.062357403 -0.001715944 0.000552179 0.999998391 4.111954689
0.999246836 -0.038688362 0.002994551 -0.015006545 0.038681246 0.999248743 0.002395736 -0.063082352 -0.003084989 -0.002278099 0.999992669 4.144080639
0.999135315 -0.041471120 0.002975436 -0.014710827 0.041461188 0.999134660 0.003323708 -0.063268922 -0.003110698 -0.003197469 0.999990106 4.179579735
0.999056101 -0.043323129 0.003172292 -0.014712030 0.043312404 0.999055922 0.003375174 -0.063867070 -0.003315520 -0.003234589 0.999989331 4.214701176
0.999165595 -0.040652495 0.003945901 -0.014932774 0.040637042 0.999166250 0.003919507 -0.064532697 -0.004101948 -0.003755886 0.999984562 4.251687527
0.999358714 -0.035457764 0.004995168 -0.014659241 0.035446588 0.999368846 0.002307435 -0.064218700 -0.005073832 -0.002128893 0.999984920 4.288155079
0.999477386 -0.031751532 0.006062926 -0.015566316 0.031747229 0.999495625 0.000804636 -0.065911092 -0.006085416 -0.000611735 0.999981284 4.322669983
0.999554574 -0.028995490 0.007074256 -0.015983440 0.028996749 0.999579549 -0.000076475 -0.066416182 -0.007069063 0.000281571 0.999974966 4.357972145
0.999570370 -0.028418789 0.007174842 -0.015130118 0.028407494 0.999595046 0.001671808 -0.066333912 -0.007219446 -0.001467271 0.999972820 4.390986443
0.999582767 -0.028056571 0.006861610 -0.015031984 0.028051404 0.999606133 0.000848297 -0.066553786 -0.006882708 -0.000655465 0.999976099 4.425830841
0.999714434 -0.022814017 0.007117596 -0.013377462 0.022826623 0.999737978 -0.001694866 -0.066478185 -0.007077064 0.001856853 0.999973178 4.459553242
0.999785483 -0.019952053 0.005573377 -0.013464559 0.019975495 0.999791682 -0.004182000 -0.068059161 -0.005488778 0.004292433 0.999975681 4.494706631
0.999857843 -0.015455487 0.006763537 -0.015892053 0.015491886 0.999865651 -0.005362442 -0.068365127 -0.006679749 0.005466459 0.999962747 4.532687664
0.999857247 -0.016065754 0.005254857 -0.015684934 0.016086726 0.999862790 -0.003972437 -0.067761481 -0.005190317 0.004056403 0.999978244 4.568380356
0.999938965 -0.008555837 0.006984506 -0.016634136 0.008566904 0.999962032 -0.001556028 -0.072028562 -0.006970928 0.001615769 0.999974370 4.607067108
0.999955714 -0.006202120 0.007080602 -0.016640965 0.006200995 0.999980688 0.000181060 -0.072337568 -0.007081589 -0.000137145 0.999974906 4.643759251
0.999947488 -0.006898945 0.007563649 -0.017711103 0.006892779 0.999975860 0.000840743 -0.073481567 -0.007569267 -0.000788564 0.999971032 4.677750587
0.999907553 -0.012678245 0.004919032 -0.017732818 0.012676647 0.999919534 0.000355792 -0.071697198 -0.004923147 -0.000293402 0.999987841 4.716745853
0.999950290 -0.009517053 0.002977401 -0.016070452 0.009526883 0.999949098 -0.003304242 -0.075167410 -0.002945804 0.003332443 0.999990106 4.751302719
0.999940932 -0.010794261 0.001283859 -0.017522845 0.010802439 0.999920189 -0.006543592 -0.076729313 -0.001213124 0.006557075 0.999977767 4.789887905
0.999979258 -0.006417231 0.000515579 -0.017495802 0.006421006 0.999949813 -0.007687181 -0.075885534 -0.000466223 0.007690333 0.999970257 4.825941086
0.999991059 -0.004203603 0.000045235 -0.017292125 0.004203804 0.999971747 -0.006241102 -0.076975182 -0.000018998 0.006241236 0.999980569 4.863635540
0.999996960 -0.001530780 0.001954269 -0.021317663 0.001539246 0.999989450 -0.004337992 -0.076293096 -0.001947608 0.004340988 0.999988675 4.904068470
0.999985278 0.001950798 0.005060431 -0.025632355 -0.001939267 0.999995530 -0.002282645 -0.077798352 -0.005064861 0.002272797 0.999984562 4.937819481
0.999998391 -0.001534936 0.000955244 -0.018690538 0.001535649 0.999998569 -0.000746754 -0.078101724 -0.000954096 0.000748219 0.999999285 4.974411011
0.999996543 -0.002557070 0.000732880 -0.018855037 0.002557028 0.999996781 0.000057615 -0.079207011 -0.000733024 -0.000055741 0.999999762 5.012495041
0.999985814 -0.005295935 0.000665507 -0.018286053 0.005295664 0.999985874 0.000408899 -0.079599261 -0.000667663 -0.000405369 0.999999702 5.049683094
0.999970734 -0.007558582 0.001161008 -0.019135403 0.007557498 0.999971092 0.000935375 -0.080643259 -0.001168045 -0.000926574 0.999998927 5.085139751
0.999937236 -0.010939893 0.002415565 -0.019829979 0.010935352 0.999938369 0.001885720 -0.081097975 -0.002436046 -0.001859186 0.999995232 5.121640682
0.999879360 -0.015292015 0.002732288 -0.019956542 0.015283202 0.999877989 0.003218302 -0.081371590 -0.002781169 -0.003176155 0.999991059 5.160268307
0.999817252 -0.018884925 0.002953185 -0.019892843 0.018875729 0.999817014 0.003110834 -0.081878908 -0.003011392 -0.003054522 0.999990761 5.197541237
0.999870360 -0.015616192 0.003912941 -0.021301428 0.015622461 0.999876678 -0.001577052 -0.082118303 -0.003887831 0.001637977 0.999991059 5.235167980
0.999957025 -0.008312914 0.004085634 -0.020321790 0.008338532 0.999945343 -0.006293911 -0.083329529 -0.004033089 0.006327711 0.999971867 5.271630287
0.999986351 0.000488678 0.005190928 -0.020762557 -0.000457313 0.999981523 -0.006041526 -0.084331118 -0.005193785 0.006039070 0.999968290 5.310285568
0.999937713 0.008223318 0.007541744 -0.022299014 -0.008202152 0.999962211 -0.002833081 -0.084261425 -0.007564757 0.002771046 0.999967575 5.347588539
0.999917448 0.009944012 0.008129111 -0.021982998 -0.009941467 0.999950409 -0.000353471 -0.085616529 -0.008132224 0.000272627 0.999966860 5.384757519
0.999948144 0.007597927 0.006770774 -0.020496853 -0.007598363 0.999971151 0.000038862 -0.086223923 -0.006770284 -0.000090307 0.999977052 5.420891285
0.999973714 0.004428208 0.005731178 -0.020487346 -0.004428593 0.999990225 0.000054547 -0.086742401 -0.005730881 -0.000079927 0.999983549 5.459382057
0.999981403 0.002759396 0.005433197 -0.021022948 -0.002755915 0.999995947 -0.000647774 -0.087274686 -0.005434962 0.000632789 0.999984980 5.497183800
0.999986887 0.003247536 0.003960665 -0.019912584 -0.003244235 0.999994457 -0.000839260 -0.088477142 -0.003963368 0.000826400 0.999991834 5.536217690
0.999984086 0.004023951 0.003949041 -0.020277509 -0.004020157 0.999991477 -0.000967828 -0.088579573 -0.003952902 0.000951937 0.999991715 5.573131084
0.999974787 0.005662504 0.004278996 -0.020989668 -0.005661356 0.999983966 -0.000280112 -0.089329347 -0.004280513 0.000255880 0.999990821 5.612308979
0.999985337 0.004377953 0.003171593 -0.020459378 -0.004375983 0.999990165 -0.000627702 -0.090006247 -0.003174311 0.000613814 0.999994755 5.652553558
0.999985158 0.004467082 0.003116819 -0.020416602 -0.004462393 0.999988914 -0.001509225 -0.090758808 -0.003123526 0.001495295 0.999993980 5.689781189
0.999992132 0.003241973 0.002250004 -0.019471806 -0.003237798 0.999992967 -0.001856707 -0.091191046 -0.002256007 0.001849408 0.999995708 5.724560738
0.999991775 0.003324291 0.002320613 -0.020235483 -0.003320047 0.999992847 -0.001830102 -0.092022412 -0.002326680 0.001822383 0.999995589 5.764886856
0.999992073 0.003779988 0.001218222 -0.018655445 -0.003777724 0.999991179 -0.001855305 -0.092897505 -0.001225224 0.001850689 0.999997556 5.802079678
0.999978602 0.005719674 0.003144982 -0.020912714 -0.005711126 0.999980032 -0.002720502 -0.093078822 -0.003160479 0.002702483 0.999991298 5.839802742
0.999989867 0.004526215 0.000261165 -0.019446766 -0.004525478 0.999985993 -0.002754495 -0.093905225 -0.000273629 0.002753284 0.999996185 5.878888607
0.999988139 0.004870581 0.000056691 -0.019779619 -0.004870436 0.999985516 -0.002326172 -0.095398843 -0.000068020 0.002325868 0.999997377 5.918152809
0.999989510 0.004089088 -0.002088384 -0.018122468 -0.004092881 0.999989986 -0.001815005 -0.096222535 0.002080941 0.001823534 0.999996245 5.957113266
0.999992967 0.003366868 -0.001671854 -0.018969933 -0.003370786 0.999991596 -0.002346503 -0.096694089 0.001663940 0.002352122 0.999995887 5.996753216
0.999993563 0.002863282 -0.002188744 -0.018356536 -0.002869184 0.999992251 -0.002698347 -0.097637892 0.002181001 0.002704609 0.999993980 6.036265850
0.999998748 -0.000088090 -0.001578731 -0.019167373 0.000083660 0.999996066 -0.002806291 -0.097333021 0.001578972 0.002806155 0.999994814 6.073056221
0.999993801 -0.002346547 -0.002622723 -0.018171612 0.002342145 0.999995828 -0.001680085 -0.098196931 0.002626655 0.001673932 0.999995112 6.112472534
0.999992788 -0.001054055 -0.003643143 -0.017020637 0.001051099 0.999999166 -0.000813317 -0.099464834 0.003643997 0.000809482 0.999993026 6.154790878
0.999993265 -0.001097148 -0.003504997 -0.017642502 0.001089470 0.999997079 -0.002191708 -0.099587232 0.003507392 0.002187875 0.999991477 6.190731049
0.999998927 -0.000426822 -0.001412748 -0.019273555 0.000422408 0.999995053 -0.003123816 -0.099841140 0.001414074 0.003123216 0.999994099 6.228494644
0.999998748 0.001368078 -0.000801055 -0.020583205 -0.001369907 0.999996424 -0.002287550 -0.100937232 0.000797923 0.002288645 0.999997079 6.268778324
0.999996960 0.002247055 0.001024599 -0.021639885 -0.002246173 0.999997079 -0.000860854 -0.101398446 -0.001026531 0.000858549 0.999999106 6.308168888
0.999998808 0.001069226 0.001125920 -0.021386631 -0.001068472 0.999999166 -0.000670177 -0.101658821 -0.001126635 0.000668973 0.999999166 6.348173141
0.999995947 0.002656422 0.001005634 -0.021311082 -0.002653406 0.999991953 -0.002987990 -0.102210805 -0.001013563 0.002985310 0.999995053 6.388269424
0.999996781 0.001639973 0.001944965 -0.021787932 -0.001634888 0.999995232 -0.002613034 -0.103723124 -0.001949241 0.002609846 0.999994636 6.424772739
0.999995947 0.001515230 0.002415999 -0.021920517 -0.001509199 0.999995708 -0.002496042 -0.104168236 -0.002419770 0.002492386 0.999993980 6.464669704
0.999995887 0.001597910 0.002363199 -0.022195732 -0.001595189 0.999998033 -0.001152743 -0.105141431 -0.002365036 0.001148968 0.999996483 6.504651070
0.999993026 0.002953818 0.002323151 -0.022487853 -0.002950823 0.999994814 -0.001291570 -0.105832122 -0.002326955 0.001284706 0.999996424 6.544435501
0.999996066 0.002664828 0.000917914 -0.021828894 -0.002664667 0.999996424 -0.000177529 -0.107513398 -0.000918384 0.000175082 0.999999523 6.585792542
0.999992013 0.003790908 0.001262000 -0.022612985 -0.003790088 0.999992609 -0.000652600 -0.107632793 -0.001264464 0.000647812 0.999998927 6.623902321
0.999985039 0.005104083 0.001944188 -0.022961121 -0.005100528 0.999985397 -0.001829450 -0.107406586 -0.001953498 0.001819507 0.999996424 6.663525105
0.999977648 0.006402580 0.001932963 -0.023316432 -0.006399722 0.999978423 -0.001481335 -0.108518131 -0.001942406 0.001468932 0.999997079 6.703933716
0.999985039 0.004834445 0.002570504 -0.023993464 -0.004831035 0.999987543 -0.001331306 -0.109145954 -0.002576908 0.001318868 0.999995828 6.743780613
0.999997854 0.000906479 0.001837189 -0.023942921 -0.000906193 0.999999583 -0.000157268 -0.109831885 -0.001837331 0.000155602 0.999998212 6.782791615
0.999998987 -0.000507091 0.001388375 -0.023502192 0.000507661 0.999999702 -0.000410570 -0.110054731 -0.001388167 0.000411275 0.999998868 6.823049545
0.999992609 -0.003769332 0.000698699 -0.023523085 0.003769707 0.999992728 -0.000537689 -0.110791683 -0.000696667 0.000540319 0.999999523 6.862647533
0.999984980 -0.005476409 0.000063263 -0.023539597 0.005476461 0.999984622 -0.000857582 -0.111760005 -0.000058566 0.000857916 0.999999583 6.902389050
0.999966741 -0.008035099 0.001412654 -0.024140339 0.008034064 0.999967456 0.000737656 -0.112261042 -0.001418535 -0.000726282 0.999998748 6.941341400
0.999946713 -0.009999625 0.002565888 -0.024907121 0.009993906 0.999947548 0.002231979 -0.112587050 -0.002588073 -0.002206217 0.999994218 6.981182098
0.999955952 -0.009214763 0.001801787 -0.025382182 0.009212710 0.999956906 0.001144416 -0.113499872 -0.001812255 -0.001127766 0.999997735 7.022061825
0.999941647 -0.010322563 0.003210825 -0.025915211 0.010324568 0.999946475 -0.000608100 -0.113419726 -0.003204376 0.000641215 0.999994636 7.063591003
0.999952137 -0.009352649 0.002862711 -0.025766205 0.009355227 0.999955833 -0.000888466 -0.114043184 -0.002854275 0.000915205 0.999995530 7.105183125
0.999955714 -0.008390999 0.004259485 -0.025360622 0.008390545 0.999964774 0.000124571 -0.114698738 -0.004260380 -0.000088826 0.999990940 7.140800953
0.999976099 -0.005418621 0.004293979 -0.024248920 0.005418447 0.999985218 0.000052155 -0.116097324 -0.004294199 -0.000028886 0.999990821 7.179991245
0.999968350 -0.006896101 0.003948097 -0.022590516 0.006897429 0.999976158 -0.000322874 -0.116079882 -0.003945775 0.000350096 0.999992192 7.218018532
0.999978960 -0.004217818 0.004918920 -0.020895265 0.004221672 0.999990821 -0.000773686 -0.117156193 -0.004915610 0.000794435 0.999987662 7.255180359
0.999967098 -0.003730555 0.007195509 -0.023591645 0.003747460 0.999990284 -0.002337306 -0.117228404 -0.007186718 0.002364194 0.999971390 7.298237801
0.999959648 -0.003781771 0.008149078 -0.023774184 0.003801317 0.999989867 -0.002384387 -0.117729202 -0.008139979 0.002415267 0.999963880 7.334861755
0.999951661 -0.000425142 0.009815130 -0.024580069 0.000440398 0.999998689 -0.001552168 -0.119608730 -0.009814456 0.001556417 0.999950647 7.374448776
0.999929667 -0.007704766 0.009019576 -0.021899566 0.007714516 0.999969661 -0.001046643 -0.118579611 -0.009011238 0.001116151 0.999958754 7.412643433
0.999935150 -0.003939041 0.010681826 -0.023066513 0.003950836 0.999991536 -0.001083303 -0.119892292 -0.010677468 0.001125435 0.999942362 7.450618744
0.999927342 -0.006243719 0.010310330 -0.022303537 0.006278493 0.999974728 -0.003343884 -0.120562144 -0.010289192 0.003408374 0.999941230 7.489663601
0.999935508 -0.006163596 0.009546130 -0.021613844 0.006222379 0.999961674 -0.006140344 -0.121373363 -0.009507920 0.006199348 0.999935627 7.530507088
0.999949813 -0.004602919 0.008897570 -0.021493979 0.004650703 0.999974787 -0.005357209 -0.123061478 -0.008872688 0.005398321 0.999946058 7.569153309
0.999946058 -0.006760360 0.007888928 -0.020775855 0.006812726 0.999954760 -0.006629944 -0.123486727 -0.007843751 0.006683331 0.999946952 7.608726978
0.999953449 -0.006695586 0.006946184 -0.020626660 0.006733947 0.999962091 -0.005514057 -0.125203952 -0.006909001 0.005560576 0.999960661 7.646711826
0.999970376 -0.004230736 0.006431545 -0.021169972 0.004269328 0.999972880 -0.005998688 -0.125344738 -0.006405992 0.006025967 0.999961376 7.684062481
0.999976397 -0.004326921 0.005341643 -0.020877309 0.004354911 0.999976814 -0.005239582 -0.126862854 -0.005318848 0.005262722 0.999971986 7.725792885
0.999974728 -0.005929118 0.003926837 -0.019015023 0.005948710 0.999969840 -0.004996540 -0.127059564 -0.003897093 0.005019772 0.999979854 7.760344982
0.999964952 -0.007617431 0.003449850 -0.020401299 0.007632419 0.999961317 -0.004352313 -0.127532691 -0.003416563 0.004378492 0.999984562 7.800914764
0.999984086 -0.004143787 0.003813050 -0.021636771 0.004157048 0.999985278 -0.003476533 -0.128527239 -0.003798588 0.003492328 0.999986708 7.838454723
0.999981523 -0.003032905 0.005251885 -0.021894436 0.003049757 0.999990165 -0.003203647 -0.129306227 -0.005242118 0.003219605 0.999981105 7.873504162
0.999969006 -0.005201850 0.005911054 -0.022422861 0.005219874 0.999981701 -0.003037882 -0.129780024 -0.005895143 0.003068642 0.999977887 7.915778160
0.999957383 -0.006581351 0.006471175 -0.022578925 0.006599378 0.999974370 -0.002768282 -0.130717367 -0.006452790 0.002810870 0.999975204 7.954771042
0.999943614 -0.008257498 0.006677479 -0.022431426 0.008281185 0.999959469 -0.003527330 -0.131707340 -0.006648082 0.003582428 0.999971449 7.992737770
0.999928653 -0.009565304 0.007157458 -0.022574514 0.009607345 0.999936521 -0.005862426 -0.132087886 -0.007100929 0.005930772 0.999957144 8.032008171
0.999917984 -0.011037931 0.006488534 -0.021848399 0.011083675 0.999913692 -0.007056572 -0.133016184 -0.006410086 0.007127911 0.999953985 8.070693970
0.999936461 -0.010195000 0.004811950 -0.022438448 0.010230231 0.999920666 -0.007354375 -0.134578273 -0.004736590 0.007403134 0.999961317 8.110013962
0.999952912 -0.009249857 0.002932748 -0.022486417 0.009270149 0.999932766 -0.006982843 -0.134972066 -0.002867960 0.007009703 0.999971330 8.147974014
0.999960661 -0.008555929 0.002345730 -0.022669096 0.008564306 0.999956965 -0.003585337 -0.135983303 -0.002314953 0.003605287 0.999990761 8.186188698
0.999952853 -0.009457258 0.002211215 -0.021948470 0.009459824 0.999954581 -0.001153262 -0.136527732 -0.002200207 0.001174125 0.999996901 8.229336739
0.999953270 -0.009306797 0.002646623 -0.022284826 0.009309516 0.999956191 -0.001016853 -0.136759907 -0.002637042 0.001041445 0.999996006 8.268003464
0.999927938 -0.011691711 0.002718438 -0.022280613 0.011696364 0.999930084 -0.001702402 -0.137385979 -0.002698344 0.001734075 0.999994874 8.308670998
0.999926627 -0.011769442 0.002886256 -0.022093236 0.011774341 0.999929309 -0.001686609 -0.138806462 -0.002866202 0.001720469 0.999994397 8.349437714
0.999921679 -0.011929544 0.003785065 -0.023582228 0.011935813 0.999927461 -0.001638217 -0.139728695 -0.003765247 0.001683267 0.999991536 8.390523911
0.999921441 -0.011860406 0.004057050 -0.022869442 0.011864787 0.999929070 -0.001057547 -0.140556395 -0.004044218 0.001105600 0.999991238 8.426464081
0.999929070 -0.010852939 0.004900799 -0.023030289 0.010863521 0.999938726 -0.002137806 -0.141087338 -0.004877296 0.002190894 0.999985695 8.467163086
0.999925673 -0.009757966 0.007316016 -0.025683898 0.009783893 0.999945998 -0.003516525 -0.140821889 -0.007281305 0.003587843 0.999967098 8.503994942
0.999918282 -0.011171455 0.006210710 -0.022982679 0.011175684 0.999937296 -0.000646334 -0.142751187 -0.006203101 0.000715689 0.999980450 8.544149399
0.999914229 -0.011779488 0.005721626 -0.022319302 0.011777404 0.999930501 0.000397604 -0.143673822 -0.005725912 -0.000330185 0.999983490 8.584495544
0.999893248 -0.013355070 0.005923099 -0.022773150 0.013360101 0.999910414 -0.000810571 -0.144442976 -0.005911742 0.000889618 0.999982119 8.624410629
0.999903083 -0.011930525 0.007163988 -0.023225196 0.011932784 0.999928772 -0.000272736 -0.145678699 -0.007160224 0.000358195 0.999974370 8.661234856
0.999924004 -0.010440272 0.006552563 -0.023483858 0.010459419 0.999941230 -0.002894817 -0.145682365 -0.006521956 0.002963134 0.999974370 8.699954987
0.999949753 -0.008229279 0.005714532 -0.023535062 0.008263096 0.999948382 -0.005919617 -0.146564469 -0.005665522 0.005966539 0.999966145 8.739439964
0.999957979 -0.007480891 0.005292307 -0.024003401 0.007502820 0.999963284 -0.004136088 -0.148609877 -0.005261170 0.004175621 0.999977469 8.778440475
0.999971092 -0.006317299 0.004233484 -0.023340087 0.006326108 0.999977827 -0.002070541 -0.148053437 -0.004220310 0.002097262 0.999988914 8.815704346
0.999977410 -0.005846224 0.003326857 -0.023495384 0.005842541 0.999982297 0.001115883 -0.148869336 -0.003333322 -0.001096420 0.999993801 8.854733467
0.999985516 -0.005002052 0.001985646 -0.023143180 0.005002955 0.999987423 -0.000450800 -0.149153158 -0.001983365 0.000460728 0.999997973 8.892675400
0.999984503 -0.005549667 -0.000458546 -0.023228804 0.005548691 0.999982417 -0.002102189 -0.150262609 0.000470205 0.002099612 0.999997675 8.932343483
0.999970675 -0.007347789 -0.002131306 -0.023522753 0.007346174 0.999972820 -0.000764709 -0.150940582 0.002136866 0.000749029 0.999997437 8.971229553
0.999966741 -0.007704711 -0.002687791 -0.023946138 0.007703627 0.999970257 -0.000412894 -0.151942879 0.002690892 0.000392174 0.999996245 9.010639191
0.999957502 -0.008518734 -0.003505991 -0.023912808 0.008514971 0.999963105 -0.001086157 -0.152519226 0.003515114 0.001056258 0.999993265 9.048200607
0.999943793 -0.009643106 -0.004402339 -0.023840645 0.009635466 0.999952078 -0.001753234 -0.153286293 0.004419035 0.001710717 0.999988735 9.086738586
0.999955654 -0.008733371 -0.003527219 -0.024863785 0.008724647 0.999958873 -0.002481956 -0.153775558 0.003548749 0.002451071 0.999990702 9.125100136
0.999946237 -0.009675668 -0.003733847 -0.025116563 0.009663522 0.999948025 -0.003256972 -0.154225543 0.003765166 0.003220714 0.999987721 9.164182663
0.999952257 -0.009340215 -0.002882142 -0.026152955 0.009329380 0.999949515 -0.003750151 -0.155059502 0.002917023 0.003723083 0.999988794 9.202751160
0.999944031 -0.009940166 -0.003598779 -0.025661580 0.009927532 0.999944568 -0.003512152 -0.156270593 0.003633491 0.003476229 0.999987304 9.240628242
0.999932528 -0.010840856 -0.004163901 -0.025703738 0.010826268 0.999935210 -0.003510420 -0.156991094 0.004201687 0.003465104 0.999985158 9.280478477
0.999942243 -0.010235147 -0.003278744 -0.026417671 0.010220433 0.999937892 -0.004473265 -0.157799050 0.003324326 0.004439497 0.999984562 9.317548752
0.999928236 -0.011635358 -0.002853499 -0.026972421 0.011618740 0.999915898 -0.005773369 -0.158485472 0.002920435 0.005739801 0.999979258 9.355889320
0.999918997 -0.012565123 -0.002022411 -0.027511053 0.012556255 0.999911726 -0.004340003 -0.159280151 0.002076766 0.004314258 0.999988496 9.394225121
0.999882102 -0.014843581 -0.003908223 -0.026520677 0.014830591 0.999884486 -0.003331216 -0.160237774 0.003957217 0.003272863 0.999986827 9.433358192
0.999877334 -0.015304314 -0.003315321 -0.027443726 0.015291397 0.999875486 -0.003886473 -0.161122486 0.003374388 0.003835301 0.999986947 9.472323418
0.999899149 -0.013728854 -0.003604840 -0.027188592 0.013710290 0.999892890 -0.005124978 -0.161687285 0.003674814 0.005075039 0.999980390 9.510771751
0.999901354 -0.013627944 -0.003407137 -0.027550947 0.013615413 0.999900520 -0.003674744 -0.162835419 0.003456877 0.003627992 0.999987423 9.549423218
0.999921858 -0.012211672 -0.002660735 -0.028513104 0.012204133 0.999921501 -0.002831836 -0.163506120 0.002695108 0.002799143 0.999992430 9.588482857
0.999917269 -0.012748899 -0.001734225 -0.029587694 0.012743445 0.999913931 -0.003120752 -0.164354846 0.001773862 0.003098393 0.999993622 9.627443314
0.999916255 -0.012736304 -0.002275128 -0.028645158 0.012728483 0.999913096 -0.003419278 -0.165405050 0.002318479 0.003390033 0.999991596 9.664825439
0.999928474 -0.011838614 -0.001650984 -0.029070526 0.011830634 0.999918699 -0.004762410 -0.165802032 0.001707230 0.004742537 0.999987364 9.704073906
0.999928653 -0.011764483 -0.002073344 -0.029091323 0.011755470 0.999921620 -0.004306061 -0.166933671 0.002123840 0.004281380 0.999988675 9.742121696
0.999936581 -0.011107295 -0.001852015 -0.029275984 0.011100003 0.999930799 -0.003902654 -0.167457998 0.001895235 0.003881849 0.999990642 9.781303406
0.999938726 -0.011046543 -0.000696999 -0.030391891 0.011044030 0.999932885 -0.003512591 -0.167920381 0.000735754 0.003504678 0.999993503 9.820078850
0.999974787 -0.007065195 -0.000680519 -0.030016519 0.007062136 0.999965370 -0.004397510 -0.169124097 0.000711565 0.004392593 0.999990106 9.859080315
0.999975622 -0.006927909 -0.000796996 -0.030278586 0.006923153 0.999959111 -0.005822483 -0.169453397 0.000837301 0.005816824 0.999982655 9.898189545
0.999970675 -0.007616905 -0.000825174 -0.030158501 0.007612765 0.999958992 -0.004909671 -0.170427293 0.000862537 0.004903245 0.999987602 9.935307503
0.999983847 -0.005647599 -0.000575853 -0.030468665 0.005645132 0.999975264 -0.004200506 -0.171637565 0.000599561 0.004197188 0.999990940 9.974438667
0.999994159 -0.003409134 0.000247219 -0.031078193 0.003410301 0.999982178 -0.004883631 -0.171806425 -0.000230566 0.004884445 0.999988019 10.014292717
