0.999999762 -0.000630389 -0.000330304 -0.000067688 0.000630989 0.999998093 0.001820315 -0.000672602 0.000329156 -0.001820523 0.999998271 0.034951288
0.999998271 -0.001680179 -0.000762806 -0.000272246 0.001681283 0.999997556 0.001448506 -0.001071990 0.000760370 -0.001449786 0.999998689 0.072000273
0.999994814 -0.003112017 -0.000816503 -0.000313790 0.003112620 0.999994874 0.000738120 -0.001576292 0.000814202 -0.000740658 0.999999404 0.104976937
0.999993622 -0.003558533 -0.000234562 -0.000830761 0.003558791 0.999993026 0.001110171 -0.002359064 0.000230610 -0.001110999 0.999999344 0.139205828
0.999991953 -0.003991020 -0.000354927 -0.001129917 0.003991785 0.999989569 0.002178755 -0.002992031 0.000346228 -0.002180154 0.999997616 0.175467879
0.999985635 -0.005356002 -0.000091625 -0.001009061 0.005356257 0.999981046 0.003041865 -0.003370727 0.000075331 -0.003042312 0.999995351 0.209428251
0.999988496 -0.004785025 0.000067750 -0.001607771 0.004784759 0.999982357 0.003512980 -0.003798512 -0.000084559 -0.003512616 0.999993801 0.245754495
0.999992788 -0.003756349 -0.000574164 -0.001368515 0.003757331 0.999991477 0.001719923 -0.004333519 0.000567698 -0.001722067 0.999998331 0.280148715
0.999998868 -0.001285195 -0.000814188 -0.001764047 0.001284824 0.999999106 -0.000455321 -0.004848820 0.000814772 0.000454274 0.999999523 0.316657275
0.999997556 0.002106402 -0.000684570 -0.001900269 -0.002107247 0.999997020 -0.001234867 -0.005545330 0.000681967 0.001236306 0.999998987 0.351134241
0.999988914 0.004662653 -0.000669591 -0.002118229 -0.004663595 0.999988139 -0.001412059 -0.006124809 0.000662999 0.001415166 0.999998748 0.387527287
0.999982655 0.005875648 -0.000404855 -0.002418598 -0.005875967 0.999982357 -0.000792090 -0.006604431 0.000400194 0.000794456 0.999999583 0.422463059
0.999994695 0.003190996 -0.000672648 -0.002277386 -0.003189609 0.999992788 0.002053244 -0.007218678 0.000679195 -0.002051088 0.999997675 0.459494263
0.999999523 -0.000971787 -0.000057823 -0.002453169 0.000972019 0.999990821 0.004154666 -0.007905597 0.000053785 -0.004154720 0.999991357 0.494352192
0.999995887 -0.002848732 -0.000214858 -0.002634821 0.002848959 0.999995232 0.001064015 -0.008071091 0.000211826 -0.001064623 0.999999404 0.530791044
0.999991179 -0.004183048 0.000520241 -0.003434325 0.004183382 0.999991000 -0.000642631 -0.008672861 -0.000517548 0.000644802 0.999999642 0.566703975
0.999997914 -0.002014213 0.000407378 -0.002841107 0.002014981 0.999996126 -0.001895352 -0.009375457 -0.000403559 0.001896169 0.999998093 0.602066994
0.999997497 0.000624719 0.002160368 -0.003967118 -0.000624497 0.999999821 -0.000103676 -0.009830637 -0.002160432 0.000102326 0.999997675 0.637967646
0.999998450 0.001306952 0.001200833 -0.003147676 -0.001311466 0.999992013 0.003766654 -0.010500572 -0.001195900 -0.003768222 0.999992192 0.676221311
0.999998033 -0.000889646 0.001786053 -0.003132203 0.000879806 0.999984503 0.005502389 -0.010834187 -0.001790920 -0.005500807 0.999983251 0.711419702
0.999989331 -0.004243657 0.001852802 -0.003287812 0.004237097 0.999984801 0.003530392 -0.011221807 -0.001867756 -0.003522503 0.999992073 0.748449504
0.999989986 -0.004282514 0.001305126 -0.003328386 0.004281313 0.999990463 0.000921193 -0.011436008 -0.001309059 -0.000915596 0.999998748 0.786424518
0.999981225 -0.005635852 0.002415741 -0.003368772 0.005638425 0.999983549 -0.001059582 -0.012394647 -0.002409730 0.001073183 0.999996483 0.820638478
0.999992311 -0.002564438 0.002954386 -0.003438160 0.002570415 0.999994636 -0.002020843 -0.012798207 -0.002949188 0.002028421 0.999993622 0.858022809
0.999993801 -0.001791667 0.003033371 -0.003479179 0.001803313 0.999991059 -0.003840775 -0.013652360 -0.003026462 0.003846221 0.999988019 0.895376861
0.999995351 -0.000929506 0.002905220 -0.003089503 0.000939771 0.999993324 -0.003534038 -0.013996847 -0.002901916 0.003536751 0.999989510 0.931033909
0.999996543 -0.000225065 0.002624484 -0.003189484 0.000229802 0.999998391 -0.001804912 -0.015266480 -0.002624074 0.001805509 0.999994934 0.968971193
0.999993443 0.001441049 0.003319723 -0.003855487 -0.001438087 0.999998569 -0.000894610 -0.015471538 -0.003321007 0.000889829 0.999994040 1.005632877
0.999991357 0.003213793 0.002647556 -0.003729655 -0.003212691 0.999994755 -0.000420172 -0.016207920 -0.002648893 0.000411662 0.999996424 1.042760611
0.999981284 0.005516821 0.002670138 -0.003569871 -0.005513906 0.999984205 -0.001097860 -0.016535146 -0.002676153 0.001083117 0.999995828 1.080268621
0.999965250 0.007877942 0.002734255 -0.004034445 -0.007877579 0.999969006 -0.000144010 -0.017523807 -0.002735305 0.000122466 0.999996305 1.118136168
0.999963582 0.008339614 0.001837576 -0.003851097 -0.008339318 0.999965250 -0.000168295 -0.018002033 -0.001838916 0.000152965 0.999998331 1.156390786
0.999969363 0.007607500 0.001855447 -0.004006839 -0.007606986 0.999971032 -0.000284603 -0.018741556 -0.001857558 0.000270480 0.999998152 1.192308426
0.999975264 0.006922156 0.001296356 -0.004067812 -0.006921354 0.999975860 -0.000621202 -0.019495469 -0.001300625 0.000612214 0.999998927 1.228594780
0.999981225 0.006134623 -0.000283779 -0.003435212 -0.006134789 0.999981046 -0.000585427 -0.020046791 0.000280182 0.000587156 0.999999702 1.266748190
0.999984443 0.005555728 -0.000611144 -0.004773872 -0.005555934 0.999984562 -0.000336386 -0.019737354 0.000609265 0.000339776 0.999999702 1.305820584
0.999979377 0.006193606 -0.001709681 -0.004922323 -0.006192837 0.999980748 0.000454630 -0.021303739 0.001712464 -0.000444033 0.999998450 1.341888428
0.999980211 0.005667598 -0.002770879 -0.005345033 -0.005666189 0.999983847 0.000516020 -0.021752818 0.002773759 -0.000500309 0.999996006 1.379857540
0.999966443 0.007207335 -0.003904278 -0.005206923 -0.007200427 0.999972522 0.001780463 -0.022559645 0.003917003 -0.001752291 0.999990821 1.418376684
0.999972582 0.005518085 -0.004941683 -0.005237258 -0.005503970 0.999980807 0.002865353 -0.023277067 0.004957399 -0.002838075 0.999983668 1.457352161
0.999978960 0.004210892 -0.004920140 -0.006560888 -0.004199048 0.999988258 0.002415046 -0.023376841 0.004930252 -0.002394335 0.999984980 1.494844913
0.999983966 0.001499226 -0.005452306 -0.006561081 -0.001490626 0.999997675 0.001580919 -0.023865666 0.005454663 -0.001572766 0.999983907 1.532832384
0.999983728 0.000488381 -0.005673831 -0.007151719 -0.000473410 0.999996364 0.002639512 -0.024698824 0.005675100 -0.002636783 0.999980450 1.571401954
0.999987125 0.000389503 -0.005058418 -0.007615632 -0.000375618 0.999996185 0.002745501 -0.024871614 0.005059468 -0.002743566 0.999983430 1.609905601
0.999982834 -0.003063287 -0.004999303 -0.007337061 0.003080779 0.999989152 0.003494970 -0.025263906 0.004988544 -0.003510312 0.999981403 1.645570517
0.999985516 -0.003451212 -0.004144215 -0.007600001 0.003463229 0.999989808 0.002895924 -0.026061218 0.004134179 -0.002910234 0.999987245 1.683065891
0.999964356 -0.007308326 -0.004224472 -0.007366891 0.007317734 0.999970794 0.002215996 -0.026513241 0.004208153 -0.002246831 0.999988616 1.720366001
0.999958158 -0.008135105 -0.004203685 -0.007038304 0.008142407 0.999965370 0.001722986 -0.026615674 0.004189523 -0.001757142 0.999989688 1.758997917
0.999984860 -0.004943009 -0.002417290 -0.009168183 0.004946396 0.999986768 0.001397364 -0.027322203 0.002410351 -0.001409299 0.999996066 1.797859192
0.999990463 -0.003795791 -0.002186422 -0.009282243 0.003801477 0.999989390 0.002602714 -0.027544092 0.002176519 -0.002611001 0.999994218 1.836001873
0.999999464 -0.000077815 -0.000979324 -0.010077153 0.000082158 0.999990165 0.004435115 -0.028421285 0.000978969 -0.004435194 0.999989688 1.871973872
0.999975860 0.006936955 -0.000409672 -0.007999626 -0.006935022 0.999965608 0.004543264 -0.030230220 0.000441174 -0.004540313 0.999989629 1.908726692
0.999939084 0.011021413 0.000572090 -0.010615666 -0.011023687 0.999930620 0.004135402 -0.029549859 -0.000526472 -0.004141456 0.999991298 1.941401958
0.999897301 0.014315374 0.000700232 -0.010858148 -0.014317745 0.999891341 0.003506216 -0.030521385 -0.000649963 -0.003515881 0.999993563 1.978605270
0.999878645 0.015469992 0.001790763 -0.010808034 -0.015476249 0.999873877 0.003535559 -0.030840874 -0.001735843 -0.003562845 0.999992132 2.014017820
0.999869823 0.016039554 0.001742143 -0.010484143 -0.016046099 0.999863923 0.003810100 -0.031044681 -0.001680794 -0.003837558 0.999991179 2.048604965
0.999897540 0.014115212 0.002391423 -0.011027255 -0.014124666 0.999892294 0.003984097 -0.032394763 -0.002334929 -0.004017467 0.999989212 2.085970879
0.999914050 0.012912333 0.002249462 -0.011659145 -0.012918153 0.999913216 0.002591708 -0.032126937 -0.002215802 -0.002620544 0.999994099 2.122496128
0.999924004 0.012155231 0.002061291 -0.013134970 -0.012160148 0.999923229 0.002389622 -0.032821089 -0.002032086 -0.002414507 0.999995053 2.159163713
0.999928832 0.011830341 0.001542014 -0.013017980 -0.011834142 0.999926865 0.002478230 -0.033035524 -0.001512583 -0.002496302 0.999995768 2.195968628
0.999920666 0.012577568 0.000688522 -0.012361359 -0.012579218 0.999917865 0.002445032 -0.034381110 -0.000657713 -0.002453499 0.999996781 2.230610132
0.999925435 0.012207701 -0.000460121 -0.011719372 -0.012206205 0.999920607 0.003123371 -0.035219844 0.000498213 -0.003117521 0.999994993 2.265846968
0.999941885 0.010782330 -0.000132034 -0.013411957 -0.010781744 0.999934614 0.003847315 -0.035414387 0.000173508 -0.003845670 0.999992609 2.302045822
0.999964535 0.008314732 -0.001400341 -0.014303631 -0.008308395 0.999955475 0.004473228 -0.035693627 0.001437473 -0.004461435 0.999989033 2.339550257
0.999971271 0.006500768 -0.003907153 -0.012432599 -0.006479001 0.999963641 0.005558185 -0.036967900 0.003943144 -0.005532711 0.999976933 2.372860432
0.999985993 0.003535960 -0.003946005 -0.013152134 -0.003512582 0.999976337 0.005915700 -0.037845641 0.003966829 -0.005901757 0.999974728 2.408071518
0.999987006 0.003006901 -0.004143266 -0.013932168 -0.002985956 0.999982715 0.005051943 -0.038050123 0.004158386 -0.005039505 0.999978662 2.444052458
0.999992013 0.000823250 -0.003918110 -0.014453555 -0.000805160 0.999989033 0.004616090 -0.037892476 0.003921868 -0.004612898 0.999981701 2.477723360
0.999987125 0.001959276 -0.004692097 -0.013919963 -0.001940704 0.999990225 0.003959455 -0.038596567 0.004699809 -0.003950297 0.999981105 2.513405085
0.999990165 0.001390488 -0.004207510 -0.014160761 -0.001374463 0.999991775 0.003809151 -0.038967263 0.004212771 -0.003803330 0.999983907 2.546772480
0.999989152 0.001240752 -0.004492356 -0.015089725 -0.001225297 0.999993324 0.003441368 -0.040395033 0.004496596 -0.003435826 0.999983907 2.583908558
0.999990404 0.002630203 -0.003508699 -0.015787005 -0.002618532 0.999991000 0.003326600 -0.040618420 0.003517417 -0.003317380 0.999988317 2.617462158
0.999986708 0.003387635 -0.003896985 -0.015161702 -0.003368725 0.999982595 0.004848774 -0.040807739 0.003913343 -0.004835581 0.999980628 2.651439428
0.999976158 0.005412293 -0.004276610 -0.015322586 -0.005386540 0.999967456 0.006010580 -0.041445930 0.004309002 -0.005987401 0.999972761 2.687792301
0.999986470 0.003017145 -0.004217645 -0.016229428 -0.002996161 0.999983132 0.004972527 -0.042191092 0.004232576 -0.004959824 0.999978721 2.723281860
0.999988794 0.002553180 -0.003975324 -0.016520165 -0.002542341 0.999993026 0.002729346 -0.042751916 0.003982264 -0.002719209 0.999988377 2.756821632
0.999987125 0.003104669 -0.004015832 -0.016722854 -0.003099541 0.999994338 0.001282380 -0.043416038 0.004019791 -0.001269917 0.999991119 2.791276455
0.999992132 -0.000091089 -0.003945261 -0.017160453 0.000101913 0.999996245 0.002743302 -0.043547977 0.003944996 -0.002743684 0.999988437 2.827106714
0.999994457 -0.000783542 -0.003237679 -0.017228849 0.000797687 0.999990106 0.004369881 -0.044679619 0.003234223 -0.004372439 0.999985218 2.859875441
0.999993026 -0.002786014 -0.002512138 -0.017128654 0.002798774 0.999983072 0.005090085 -0.045073677 0.002497914 -0.005097080 0.999983966 2.892895460
0.999989033 -0.004353317 -0.001739134 -0.017101554 0.004359888 0.999983251 0.003792811 -0.045536343 0.001722594 -0.003800351 0.999991357 2.927894115
0.999998212 -0.001687848 -0.000859924 -0.018118344 0.001688943 0.999997675 0.001274395 -0.046204153 0.000857772 -0.001275845 0.999998748 2.963979483
0.999999881 -0.000424407 0.000271650 -0.018192032 0.000424665 0.999999464 -0.000951226 -0.046481732 -0.000271246 0.000951341 0.999999523 2.997120142
0.999996245 0.002441103 0.001199341 -0.018042786 -0.002439581 0.999996185 -0.001268532 -0.046887930 -0.001202433 0.001265601 0.999998569 3.033166170
0.999989331 0.003794819 0.002605033 -0.018084234 -0.003798236 0.999991894 0.001307994 -0.047882378 -0.002600049 -0.001317875 0.999995768 3.067268372
0.999986768 0.003049324 0.004135014 -0.018830054 -0.003063233 0.999989629 0.003361279 -0.048021764 -0.004124722 -0.003373901 0.999985814 3.101874590
0.999985695 0.002807141 0.004552649 -0.018312283 -0.002825037 0.999988317 0.003929425 -0.048711140 -0.004541565 -0.003942231 0.999981880 3.135678291
0.999973416 0.004705504 0.005583938 -0.018345980 -0.004721110 0.999984980 0.002784878 -0.049178481 -0.005570750 -0.002811166 0.999980569 3.170429230
0.999949932 0.007103074 0.007045815 -0.018527303 -0.007117943 0.999972522 0.002087321 -0.049567811 -0.007030794 -0.002137368 0.999972999 3.205270052
0.999928653 0.008982030 0.007884506 -0.017977111 -0.009001853 0.999956429 0.002482395 -0.050605975 -0.007861864 -0.002553193 0.999965847 3.240758181
0.999927282 0.008041631 0.008988315 -0.017918954 -0.008053931 0.999966681 0.001333351 -0.050353412 -0.008977293 -0.001405645 0.999958694 3.272522688
0.999896526 0.009630991 0.010689659 -0.018579107 -0.009637366 0.999953449 0.000545106 -0.051044799 -0.010683910 -0.000648069 0.999942720 3.307161808
0.999908268 0.007363515 0.011368357 -0.017449737 -0.007374248 0.999972403 0.000902388 -0.051868737 -0.011361399 -0.000986138 0.999934971 3.340250731
0.999894917 0.007871669 0.012177766 -0.017150514 -0.007896625 0.999966800 0.002002592 -0.052486449 -0.012161599 -0.002098545 0.999923766 3.375849009
0.999894261 0.006421300 0.013046982 -0.017662182 -0.006452845 0.999976337 0.002377191 -0.052526034 -0.013031408 -0.002461130 0.999912083 3.410623550
0.999894679 0.005672204 0.013363772 -0.017185174 -0.005705446 0.999980688 0.002450642 -0.052865192 -0.013349612 -0.002526630 0.999907732 3.445128202
0.999901175 0.004983361 0.013150097 -0.016552385 -0.005017643 0.999984086 0.002575297 -0.053641737 -0.013137054 -0.002641025 0.999910295 3.479759932
0.999917388 0.001699878 0.012744656 -0.016305346 -0.001744984 0.999992251 0.003528954 -0.053948030 -0.012738557 -0.003550902 0.999912620 3.514525414
0.999921083 0.001239083 0.012501471 -0.016544074 -0.001276606 0.999994636 0.002993963 -0.054524805 -0.012497694 -0.003009686 0.999917388 3.548605680
0.999939501 -0.000033634 0.011003088 -0.015807036 0.000001676 0.999995708 0.002904443 -0.054814249 -0.011003139 -0.002904248 0.999935269 3.583754301
0.999943554 -0.000499067 0.010606404 -0.016395129 0.000460319 0.999993205 0.003655436 -0.055648930 -0.010608156 -0.003650348 0.999937117 3.617910624
0.999960303 -0.003076832 0.008367763 -0.015016574 0.003044619 0.999987900 0.003859698 -0.055893369 -0.008379539 -0.003834068 0.999957561 3.653989315
0.999965847 -0.003288731 0.007580568 -0.015158253 0.003256361 0.999985516 0.004278528 -0.057297975 -0.007594530 -0.004253697 0.999962091 3.686565161
0.999970496 -0.003875135 0.006625379 -0.015411593 0.003850515 0.999985635 0.003724641 -0.057548665 -0.006639718 -0.003699020 0.999971092 3.721370459
0.999979198 -0.003914171 0.005110292 -0.015229288 0.003895534 0.999985754 0.003651816 -0.058219165 -0.005124513 -0.003631834 0.999980271 3.756467819
0.999972522 -0.005669831 0.004788706 -0.015461586 0.005665882 0.999983490 0.000837755 -0.058368661 -0.004793378 -0.000810599 0.999988139 3.791465044
0.999932468 -0.011046129 0.003614801 -0.015066356 0.011044438 0.999938905 0.000487480 -0.059288342 -0.003619964 -0.000447523 0.999993324 3.823868275
0.999831140 -0.018196650 0.002589404 -0.015136125 0.018189572 0.999830782 0.002731388 -0.059795864 -0.002638667 -0.002683826 0.999992967 3.859375238
0.999690711 -0.024862068 0.000721028 -0.014521981 0.024858536 0.999680698 0.004545518 -0.060344603 -0.000833808 -0.004526188 0.999989390 3.895863295
0.999569654 -0.029335091 -0.000329715 -0.014401523 0.029335484 0.999568880 0.001259851 -0.060771823 0.000292615 -0.001268981 0.999999166 3.928345919
0.999626875 -0.027313331 0.000548023 -0.014851604 0.027314506 0.999624312 -0.002260019 -0.061486177 -0.000486088 0.002274145 0.999997318 3.961556673
0.999704897 -0.024252148 0.001389585 -0.014913458 0.024257919 0.999696493 -0.004297828 -0.062209152 -0.001284932 0.004330268 0.999989808 3.996896982
0.999703825 -0.024162939 0.002909929 -0.015445540 0.024174772 0.999699354 -0.004102826 -0.063157089 -0.002809918 0.004171958 0.999987304 4.030676842
0.999627292 -0.027118690 0.003160007 -0.015285122 0.027121618 0.999631763 -0.000886926 -0.063654281 -0.003134790 0.000972300 0.999994636 4.066109180
0.999480605 -0.032021329 0.003625669 -0.015157226 0.032017581 0.999486685 0.001087202 -0.063749693 -0.003658621 -0.000970552 0.999992847 4.101651669
0.999328017 -0.036478866 0.003569942 -0.014781390 0.036467049 0.999329329 0.003317993 -0.064863570 -0.003688584 -0.003185578 0.999988139 4.132676125
0.999249876 -0.038545195 0.003739934 -0.014756358 0.038532451 0.999251485 0.003421992 -0.065484822 -0.003869036 -0.003275316 0.999987185 4.167968273
0.999310195 -0.036850464 0.004595377 -0.014926797 0.036832761 0.999313951 0.003880304 -0.065949805 -0.004735215 -0.003708367 0.999981940 4.204758644
0.999480724 -0.031884078 0.004648674 -0.013719767 0.031874090 0.999489367 0.002207217 -0.066060908 -0.004716675 -0.002057899 0.999986768 4.241877079
0.999594390 -0.027677713 0.006707726 -0.014864046 0.027672747 0.999616683 0.000831446 -0.067115963 -0.006728169 -0.000645488 0.999977171 4.271458626
0.999679565 -0.024198456 0.007428214 -0.014696460 0.024201753 0.999706984 -0.000353582 -0.067470111 -0.007417483 0.000533244 0.999972343 4.307453632
0.999723554 -0.022271127 0.007534539 -0.014659904 0.022266503 0.999751747 0.000697153 -0.067910463 -0.007548196 -0.000529192 0.999971390 4.342494488
0.999750972 -0.021169612 0.007053033 -0.014191363 0.021166440 0.999775827 0.000523558 -0.068164647 -0.007062536 -0.000374140 0.999975026 4.377651215
0.999806166 -0.018362831 0.007097454 -0.014450610 0.018377475 0.999828994 -0.002003612 -0.068909273 -0.007059449 0.002133657 0.999972761 4.410643578
0.999879241 -0.014303613 0.006066296 -0.013928914 0.014334223 0.999884605 -0.005032778 -0.069548637 -0.005993608 0.005119126 0.999968946 4.446199894
0.999938071 -0.009220275 0.006236899 -0.014507383 0.009258902 0.999937892 -0.006192724 -0.070621580 -0.006179413 0.006250087 0.999961436 4.481366634
0.999959767 -0.006209401 0.006472894 -0.013890881 0.006240403 0.999969006 -0.004780375 -0.070829324 -0.006443011 0.004820577 0.999967635 4.515569210
0.999972939 -0.003428154 0.006523093 -0.014239551 0.003447847 0.999989450 -0.003009994 -0.071718030 -0.006512707 0.003032404 0.999974251 4.551699162
0.999968588 0.000572086 0.007896404 -0.015812654 -0.000565343 0.999999464 -0.000856081 -0.072654046 -0.007896888 0.000851589 0.999968469 4.586529255
0.999962449 -0.004665816 0.007302936 -0.015992969 0.004663800 0.999989092 0.000292923 -0.073185913 -0.007304223 -0.000258852 0.999973297 4.621860504
0.999963224 -0.005897279 0.006213715 -0.017021157 0.005896375 0.999982595 0.000163774 -0.073219270 -0.006214572 -0.000127129 0.999980748 4.655832291
0.999981999 -0.003532483 0.004860254 -0.017062481 0.003551108 0.999986351 -0.003828818 -0.075461812 -0.004846662 0.003846008 0.999980927 4.688732147
0.999986649 -0.004884667 0.001669210 -0.015669197 0.004897805 0.999956310 -0.007959482 -0.075300962 -0.001630258 0.007967553 0.999966919 4.727166653
0.999998927 0.000154947 0.001452247 -0.017762875 -0.000141933 0.999959826 -0.008957573 -0.075541951 -0.001453577 0.008957358 0.999958873 4.765323162
0.999987662 0.004658660 0.001687590 -0.016668558 -0.004644766 0.999956012 -0.008146509 -0.076326899 -0.001725467 0.008138569 0.999965429 4.799664497
0.999976277 0.006739298 0.001391546 -0.016526351 -0.006732253 0.999964774 -0.005007586 -0.076699525 -0.001425244 0.004998099 0.999986529 4.835958958
0.999977171 0.006476526 0.001921928 -0.016763626 -0.006470435 0.999974012 -0.003158778 -0.077542976 -0.001942336 0.003146270 0.999993145 4.871786118
0.999972343 0.007065605 0.002327692 -0.017706290 -0.007062438 0.999974072 -0.001366351 -0.079262152 -0.002337286 0.001349874 0.999996364 4.905101299
0.999987364 0.004555063 0.002139925 -0.018066598 -0.004552116 0.999988675 -0.001380482 -0.078974895 -0.002146189 0.001370723 0.999996781 4.942815304
0.999985635 0.003950860 0.003620892 -0.020779505 -0.003944413 0.999990582 -0.001786112 -0.079542242 -0.003627914 0.001771804 0.999991894 4.983311176
0.999995172 0.000957754 0.002933234 -0.018424345 -0.000954891 0.999999046 -0.000977182 -0.080450371 -0.002934167 0.000974377 0.999995232 5.015468121
0.999989271 -0.003297829 0.003272425 -0.018101014 0.003297325 0.999994636 0.000160007 -0.081108525 -0.003272936 -0.000149215 0.999994636 5.052626610
0.999966562 -0.007571396 0.003066883 -0.016969996 0.007565047 0.999969244 0.002076134 -0.081741124 -0.003082508 -0.002052863 0.999993145 5.086608887
0.999938786 -0.010617111 0.003125652 -0.016461510 0.010612339 0.999942541 0.001539633 -0.081942223 -0.003141819 -0.001506369 0.999993920 5.124064922
0.999945879 -0.010095686 0.002505972 -0.015777104 0.010102279 0.999945521 -0.002632064 -0.082516775 -0.002479262 0.002657238 0.999993443 5.161664963
0.999994040 -0.001880542 0.002887994 -0.015879329 0.001902996 0.999967813 -0.007791860 -0.083432443 -0.002873248 0.007797309 0.999965489 5.200212002
0.999955833 0.008392381 0.004232747 -0.016519377 -0.008360601 0.999937117 -0.007470682 -0.085086077 -0.004295178 0.007434964 0.999963164 5.239399433
0.999860406 0.015616483 0.005932717 -0.017170463 -0.015594294 0.999871314 -0.003768272 -0.085364237 -0.005990800 0.003675230 0.999975264 5.270717621
0.999845386 0.016203623 0.006827166 -0.017514065 -0.016193708 0.999867737 -0.001505562 -0.086181462 -0.006850659 0.001394772 0.999975562 5.308925629
0.999864936 0.015089496 0.006518296 -0.017266169 -0.015081809 0.999885499 -0.001227215 -0.087003008 -0.006536068 0.001128741 0.999978006 5.345417500
0.999927163 0.011180386 0.004529760 -0.016145142 -0.011174682 0.999936759 -0.001282751 -0.087634794 -0.004543815 0.001232039 0.999988914 5.383319855
0.999940634 0.010104610 0.004078542 -0.016346827 -0.010095778 0.999946773 -0.002179964 -0.087690569 -0.004100353 0.002138658 0.999989331 5.417860508
0.999946654 0.009710591 0.003520903 -0.016639929 -0.009703495 0.999950886 -0.002027086 -0.088671550 -0.003540414 0.001992813 0.999991775 5.455516815
0.999926090 0.011726964 0.003207302 -0.016542565 -0.011719997 0.999928951 -0.002182224 -0.089350581 -0.003232665 0.002144472 0.999992490 5.493737221
0.999893606 0.014285742 0.002920975 -0.016528279 -0.014279963 0.999896049 -0.001989286 -0.090166904 -0.002949090 0.001947363 0.999993742 5.533004284
0.999924719 0.011850397 0.003189805 -0.017142510 -0.011844423 0.999928176 -0.001884953 -0.090662159 -0.003211913 0.001847029 0.999993145 5.566792965
0.999935269 0.011157357 0.002242750 -0.016403254 -0.011152111 0.999935031 -0.002338705 -0.091647640 -0.002268698 0.002313542 0.999994695 5.604115963
0.999927461 0.011708363 0.002820369 -0.016914167 -0.011700253 0.999927461 -0.002874465 -0.092383705 -0.002853819 0.002841257 0.999991894 5.640693188
0.999919951 0.012205598 0.003342970 -0.018179122 -0.012195770 0.999921322 -0.002944998 -0.093269080 -0.003378653 0.002903992 0.999990106 5.679377079
0.999933839 0.011407303 0.001496080 -0.017056568 -0.011401643 0.999927938 -0.003738871 -0.093065299 -0.001538623 0.003721565 0.999991894 5.716045380
0.999927640 0.011890997 0.001810907 -0.017656868 -0.011884048 0.999922037 -0.003800663 -0.094138816 -0.001855959 0.003778868 0.999991119 5.754158020
0.999922693 0.012424494 0.000539044 -0.016840186 -0.012422142 0.999914169 -0.004165404 -0.094802178 -0.000590751 0.004158387 0.999991179 5.792114735
0.999914110 0.013106620 0.000002761 -0.016582184 -0.013106487 0.999904692 -0.004320295 -0.095514894 -0.000059385 0.004319888 0.999990702 5.829623222
0.999915421 0.012978174 0.000829542 -0.018099647 -0.012974111 0.999904692 -0.004725957 -0.095847301 -0.000890797 0.004714795 0.999988496 5.866540909
0.999937356 0.011192638 0.000097316 -0.017926311 -0.011192117 0.999928176 -0.004286960 -0.096925311 -0.000145291 0.004285602 0.999990821 5.904683113
0.999941587 0.010792028 -0.000491007 -0.017457712 -0.010794286 0.999930024 -0.004855512 -0.097599611 0.000438572 0.004860529 0.999988079 5.943816185
0.999960363 0.008901074 0.000209162 -0.018017005 -0.008900033 0.999950051 -0.004535520 -0.098482870 -0.000249523 0.004533480 0.999989688 5.981617451
0.999972999 0.007323569 0.000649902 -0.018135494 -0.007320988 0.999965608 -0.003890907 -0.099114366 -0.000678375 0.003886045 0.999992192 6.019195557
0.999975741 0.006956627 0.000085858 -0.017589115 -0.006956316 0.999970615 -0.003206411 -0.100109115 -0.000108161 0.003205737 0.999994874 6.056642532
0.999971867 0.007495076 0.000181521 -0.018311692 -0.007494359 0.999965131 -0.003664750 -0.100932941 -0.000208983 0.003663287 0.999993265 6.095818043
0.999965191 0.008329041 0.000345187 -0.018223332 -0.008327480 0.999956071 -0.004297544 -0.101749629 -0.000380966 0.004294521 0.999990761 6.133779049
0.999954224 0.009514272 0.001006757 -0.018526886 -0.009510585 0.999948263 -0.003605627 -0.102456674 -0.001041010 0.003595887 0.999992967 6.171985626
0.999951005 0.009793772 0.001441810 -0.018692337 -0.009789964 0.999948621 -0.002625170 -0.102381006 -0.001467446 0.002610926 0.999995530 6.211167812
0.999951601 0.009661297 0.001873664 -0.018640120 -0.009657382 0.999951184 -0.002087934 -0.103354968 -0.001893745 0.002069739 0.999996066 6.249522209
0.999935269 0.011258365 0.001643456 -0.017841978 -0.011253661 0.999932587 -0.002844177 -0.104914710 -0.001675365 0.002825498 0.999994576 6.287962437
0.999937654 0.010712819 0.003154605 -0.019177902 -0.010697566 0.999931335 -0.004813306 -0.105028406 -0.003205953 0.004779260 0.999983430 6.327064037
0.999936223 0.010858999 0.003078969 -0.018985527 -0.010846098 0.999932468 -0.004176052 -0.105858795 -0.003124109 0.004142391 0.999986470 6.366056442
0.999930620 0.011243302 0.003499633 -0.019301124 -0.011230117 0.999929905 -0.003765231 -0.106268898 -0.003541722 0.003725670 0.999986708 6.404764652
0.999925852 0.011795525 0.003011468 -0.018952511 -0.011787728 0.999927104 -0.002593821 -0.107799910 -0.003041844 0.002558131 0.999992073 6.443617821
0.999929309 0.011683675 0.002208651 -0.019060660 -0.011676603 0.999926686 -0.003188238 -0.108027056 -0.002245739 0.003162222 0.999992490 6.481993675
0.999900401 0.013955950 0.002093668 -0.018666942 -0.013949176 0.999897540 -0.003214715 -0.108778879 -0.002138318 0.003185189 0.999992669 6.520946503
0.999881089 0.015141700 0.002928805 -0.019254781 -0.015130834 0.999878645 -0.003698025 -0.109324485 -0.002984444 0.003653270 0.999988914 6.559664726
0.999882460 0.015092838 0.002689897 -0.019621823 -0.015084708 0.999881685 -0.003016931 -0.110379346 -0.002735113 0.002976001 0.999991834 6.599641800
0.999903858 0.013549972 0.002951363 -0.020144027 -0.013540895 0.999903560 -0.003073570 -0.110856652 -0.002992725 0.003033311 0.999990940 6.637788296
0.999924004 0.012096038 0.002422927 -0.019815531 -0.012090476 0.999924302 -0.002297019 -0.111613147 -0.002450529 0.002267550 0.999994397 6.677666664
0.999948144 0.009755287 0.002922307 -0.020332733 -0.009750954 0.999951363 -0.001493306 -0.112529397 -0.002936732 0.001464734 0.999994636 6.716640472
0.999970734 0.007087220 0.002887721 -0.020067116 -0.007079076 0.999970973 -0.002820799 -0.112889387 -0.002907629 0.002800274 0.999991834 6.756649494
0.999990880 0.003786862 0.001972539 -0.020024356 -0.003780570 0.999987781 -0.003184171 -0.113388933 -0.001984573 0.003176684 0.999992967 6.790903568
0.999983370 0.004774112 0.003228846 -0.020664623 -0.004767457 0.999986470 -0.002065555 -0.114181526 -0.003238664 0.002050127 0.999992609 6.830197811
0.999997914 -0.000541970 0.001964933 -0.019902363 0.000542906 0.999999762 -0.000475662 -0.114013188 -0.001964674 0.000476728 0.999997914 6.869586945
0.999991834 -0.002646447 0.003050430 -0.019900026 0.002651070 0.999995351 -0.001512462 -0.114376038 -0.003046412 0.001520536 0.999994218 6.905571461
0.999996424 -0.001027405 0.002472585 -0.018963169 0.001031503 0.999998093 -0.001656457 -0.115818128 -0.002470878 0.001659002 0.999995589 6.944591999
0.999991715 -0.000915350 0.003970998 -0.020098604 0.000922828 0.999997854 -0.001881688 -0.116106264 -0.003969267 0.001885338 0.999990344 6.980427742
0.999983251 0.002731372 0.005110401 -0.020004097 -0.002722949 0.999994934 -0.001654238 -0.117655374 -0.005114893 0.001640295 0.999985635 7.020782471
0.999975801 0.003206874 0.006176967 -0.019981865 -0.003194464 0.999992847 -0.002017956 -0.117929749 -0.006183395 0.001998175 0.999978900 7.057232380
0.999962509 0.005737934 0.006474007 -0.020206731 -0.005720540 0.999979973 -0.002702014 -0.119209655 -0.006489380 0.002664879 0.999975383 7.100186825
0.999915004 0.009657167 0.008757217 -0.021411367 -0.009625559 0.999946952 -0.003644529 -0.120046884 -0.008791950 0.003559927 0.999954998 7.138580799
0.999939620 0.005930083 0.009247695 -0.020346738 -0.005891358 0.999973655 -0.004209144 -0.119843408 -0.009272411 0.004154408 0.999948382 7.174266338
0.999917984 0.007384912 0.010459177 -0.021110758 -0.007336093 0.999962032 -0.004698241 -0.121357575 -0.010493477 0.004621127 0.999934316 7.215018272
0.999907792 0.008557167 0.010536801 -0.019678868 -0.008516194 0.999956012 -0.003927183 -0.122036904 -0.010569943 0.003837090 0.999936700 7.254324913
0.999917030 0.006679380 0.011006462 -0.019727923 -0.006647589 0.999973595 -0.002922501 -0.122657456 -0.011025692 0.002849093 0.999935091 7.292331696
0.999897540 0.007325443 0.012294453 -0.019523926 -0.007285455 0.999968052 -0.003294202 -0.122949131 -0.012318192 0.003204294 0.999918938 7.323191643
0.999871194 0.010231838 0.012364199 -0.019893333 -0.010170034 0.999935448 -0.005051241 -0.123763323 -0.012415085 0.004924847 0.999910772 7.356801987
0.999888122 0.007755284 0.012791166 -0.020270102 -0.007656808 0.999940753 -0.007729789 -0.124588311 -0.012850357 0.007630984 0.999888241 7.389783382
0.999942064 0.004766051 0.009652801 -0.017472245 -0.004696913 0.999963224 -0.007172529 -0.126182482 -0.009686631 0.007126775 0.999927640 7.428064346
0.999912620 0.007337439 0.010992946 -0.019836433 -0.007252522 0.999943674 -0.007744765 -0.125866055 -0.011049155 0.007664362 0.999909520 7.458144665
0.999921441 0.006184695 0.010906402 -0.020428412 -0.006098458 0.999949992 -0.007922733 -0.126793221 -0.010954857 0.007855599 0.999909043 7.492327690
0.999908090 0.008954652 0.010180403 -0.019708246 -0.008867427 0.999924004 -0.008581087 -0.127853259 -0.010256466 0.008490025 0.999911368 7.529088497
0.999955952 0.003535048 0.008698633 -0.019540101 -0.003466520 0.999962986 -0.007880500 -0.128464878 -0.008726168 0.007849999 0.999931097 7.563141823
0.999910712 0.009531959 0.009362021 -0.020513386 -0.009454113 0.999920785 -0.008324232 -0.129189774 -0.009440624 0.008234980 0.999921560 7.597073555
0.999941409 0.008015382 0.007294070 -0.018763322 -0.007971735 0.999950290 -0.005993586 -0.130790547 -0.007341748 0.005935088 0.999955356 7.634369850
0.999927342 0.010005805 0.006722922 -0.018795915 -0.009974450 0.999939322 -0.004681570 -0.131492570 -0.006769358 0.004614173 0.999966383 7.666326523
0.999921083 0.009141971 0.008611754 -0.019164786 -0.009106126 0.999949813 -0.004192507 -0.132458419 -0.008649649 0.004113757 0.999954104 7.700499058
0.999908030 0.010312658 0.008809550 -0.018819027 -0.010275508 0.999938190 -0.004251929 -0.133161619 -0.008852853 0.004161016 0.999952197 7.736114979
0.999909818 0.009475612 0.009507731 -0.018808611 -0.009432502 0.999945104 -0.004568833 -0.134013459 -0.009550502 0.004478740 0.999944389 7.778283119
0.999894798 0.008812028 0.011520527 -0.020665005 -0.008749173 0.999946594 -0.005495124 -0.135720998 -0.011568336 0.005393751 0.999918580 7.814919472
0.999909759 0.006539383 0.011731517 -0.019942090 -0.006447679 0.999948561 -0.007837789 -0.135523811 -0.011782167 0.007761442 0.999900520 7.847986698
0.999924898 0.006242830 0.010545921 -0.018784069 -0.006151430 0.999943376 -0.008677205 -0.136388645 -0.010599495 0.008611681 0.999906659 7.889073372
0.999941647 0.006740324 0.008440153 -0.018757410 -0.006662077 0.999934793 -0.009264754 -0.137195915 -0.008502051 0.009207986 0.999921381 7.924638271
0.999947369 0.007714732 0.006756891 -0.019311849 -0.007653744 0.999930143 -0.009005642 -0.137680650 -0.006825894 0.008953454 0.999936581 7.960330009
0.999934494 0.009627841 0.006186596 -0.018523604 -0.009592605 0.999937713 -0.005700339 -0.139055192 -0.006241092 0.005640619 0.999964595 8.000034332
0.999950171 0.007667402 0.006407239 -0.018306892 -0.007650339 0.999967217 -0.002683599 -0.139703333 -0.006427604 0.002634447 0.999975920 8.037197113
0.999941826 0.007900364 0.007345490 -0.018300805 -0.007883814 0.999966323 -0.002279609 -0.140037671 -0.007363250 0.002221565 0.999970436 8.072198868
0.999954283 0.006544330 0.006973899 -0.017633460 -0.006521190 0.999973178 -0.003335701 -0.141199902 -0.006995540 0.003290069 0.999970138 8.111714363
0.999956250 0.005597018 0.007497464 -0.017620955 -0.005570307 0.999978125 -0.003579024 -0.141703084 -0.007517331 0.003537103 0.999965549 8.148023605
0.999952078 0.005471126 0.008127552 -0.017740682 -0.005444913 0.999979854 -0.003243852 -0.142708257 -0.008145135 0.003199442 0.999961734 8.185265541
0.999942541 0.006452408 0.008552537 -0.017868198 -0.006424658 0.999974132 -0.003268042 -0.143572852 -0.008573400 0.003212908 0.999958038 8.223990440
0.999929190 0.007280366 0.009402692 -0.017979644 -0.007240085 0.999964476 -0.004310861 -0.144073129 -0.009433744 0.004242479 0.999946475 8.260704041
0.999902844 0.009387024 0.010306271 -0.018688686 -0.009332820 0.999942422 -0.005294869 -0.144973233 -0.010355379 0.005198168 0.999932885 8.299392700
0.999920607 0.007391503 0.010206738 -0.017123319 -0.007366469 0.999969780 -0.002488280 -0.146356940 -0.010224822 0.002412895 0.999944806 8.334901810
0.999885499 0.007128094 0.013343370 -0.020054609 -0.007099326 0.999972403 -0.002202156 -0.146405309 -0.013358696 0.002107175 0.999908566 8.367742538
0.999934793 0.005091174 0.010222411 -0.016652532 -0.005062637 0.999983132 -0.002815579 -0.147752509 -0.010236575 0.002763642 0.999943793 8.408711433
0.999923825 0.006754418 0.010334692 -0.016504534 -0.006724357 0.999972999 -0.002940803 -0.148359597 -0.010354276 0.002871085 0.999942243 8.445319176
0.999903083 0.009130434 0.010507999 -0.016802847 -0.009071602 0.999942899 -0.005632931 -0.148789644 -0.010558832 0.005537061 0.999928951 8.481329918
0.999902487 0.010326250 0.009395851 -0.016203120 -0.010251801 0.999915957 -0.007937741 -0.150111228 -0.009477030 0.007840644 0.999924302 8.518734932
0.999884844 0.012124308 0.009136130 -0.016169563 -0.012055639 0.999898911 -0.007534235 -0.151025206 -0.009226555 0.007423225 0.999929905 8.554811478
0.999879181 0.012957466 0.008595490 -0.015859477 -0.012920995 0.999907315 -0.004285224 -0.151796401 -0.008650220 0.004173642 0.999953866 8.591065407
0.999889493 0.013201670 0.006837848 -0.016088165 -0.013194608 0.999912381 -0.001076919 -0.152645573 -0.006851466 0.000986577 0.999975979 8.629045486
0.999888122 0.013930770 0.005446690 -0.016098585 -0.013918426 0.999900520 -0.002297384 -0.153360173 -0.005478152 0.002221317 0.999982536 8.666132927
0.999900341 0.013646997 0.003610044 -0.015867725 -0.013632193 0.999898732 -0.004094006 -0.154154912 -0.003665548 0.004044386 0.999985099 8.702577591
0.999934435 0.011346305 0.001521363 -0.015988443 -0.011342565 0.999932647 -0.002446007 -0.154944822 -0.001549014 0.002428590 0.999995828 8.738802910
0.999952555 0.009735740 0.000299362 -0.015660675 -0.009735126 0.999950588 -0.001987652 -0.155492410 -0.000318699 0.001984643 0.999997973 8.775557518
0.999951720 0.009732747 0.001372206 -0.016841736 -0.009728000 0.999946833 -0.003424530 -0.155986801 -0.001405463 0.003411016 0.999993205 8.811633110
0.999964416 0.008435794 -0.000002722 -0.016490595 -0.008435758 0.999958932 -0.003292963 -0.157493055 -0.000025057 0.003292868 0.999994576 8.848437309
0.999963462 0.008551774 -0.000160720 -0.016675711 -0.008552332 0.999955952 -0.003873202 -0.157682166 0.000127590 0.003874436 0.999992490 8.884630203
0.999973357 0.007289584 -0.000004237 -0.016941631 -0.007289555 0.999967635 -0.003394952 -0.158995211 -0.000020511 0.003394892 0.999994218 8.921604156
0.999968886 0.007886453 -0.000279141 -0.016698198 -0.007887636 0.999958575 -0.004540537 -0.159449965 0.000243320 0.004542597 0.999989629 8.957991600
0.999968290 0.007961085 -0.000010536 -0.017303867 -0.007961013 0.999951780 -0.005736669 -0.159960732 -0.000035135 0.005736571 0.999983490 8.993898392
0.999974668 0.007087897 -0.000791147 -0.016450254 -0.007091747 0.999962509 -0.004976225 -0.160940826 0.000755847 0.004981708 0.999987245 9.030571938
0.999969602 0.007793290 0.000097264 -0.017388020 -0.007792533 0.999950230 -0.006234206 -0.161757499 -0.000145844 0.006233260 0.999980569 9.067654610
0.999984264 0.005565612 0.000537720 -0.018077608 -0.005561579 0.999958336 -0.007231496 -0.162790075 -0.000577945 0.007228393 0.999973714 9.104419708
0.999987602 0.004966651 0.000270788 -0.017572992 -0.004964988 0.999970794 -0.005826564 -0.163257957 -0.000299719 0.005825148 0.999982953 9.139014244
0.999992669 0.003830713 -0.000091919 -0.017470235 -0.003831096 0.999982178 -0.004604502 -0.164465785 0.000074279 0.004604821 0.999989390 9.176103592
0.999992013 0.004005403 0.000229110 -0.017887723 -0.004004049 0.999976218 -0.005633923 -0.165229768 -0.000251670 0.005632960 0.999984086 9.212317467
0.999989390 0.004609000 0.000019665 -0.017756607 -0.004608797 0.999971092 -0.006044005 -0.165959373 -0.000047522 0.006043850 0.999981701 9.248535156
0.999991655 0.004090460 -0.000001766 -0.017772552 -0.004090420 0.999979138 -0.005004131 -0.166796893 -0.000018703 0.005004096 0.999987483 9.285707474
0.999979734 0.006356020 0.000389904 -0.017949313 -0.006354500 0.999972701 -0.003782263 -0.167980209 -0.000413934 0.003779710 0.999992788 9.323059082
0.999991119 0.004164033 0.000713222 -0.018528720 -0.004160780 0.999981284 -0.004500824 -0.168227002 -0.000731950 0.004497815 0.999989569 9.358939171
0.999984026 0.005594085 0.000966681 -0.018241687 -0.005588831 0.999969959 -0.005356114 -0.169127136 -0.000996615 0.005350626 0.999985218 9.394927979
0.999984622 0.005533861 0.000448812 -0.018145030 -0.005531055 0.999966502 -0.006028541 -0.169720590 -0.000482158 0.006025966 0.999981761 9.431677818
0.999981701 0.006015391 0.000566642 -0.018332284 -0.006011980 0.999964833 -0.005842057 -0.170719653 -0.000601764 0.005838544 0.999982774 9.468334198
0.999971747 0.007435191 0.001106077 -0.018424299 -0.007428556 0.999955058 -0.005886055 -0.171309322 -0.001149791 0.005877672 0.999982059 9.505421638
0.999971390 0.007302422 0.001955677 -0.019079799 -0.007292062 0.999959588 -0.005253424 -0.171904206 -0.001993961 0.005239014 0.999984264 9.542130470
0.999936759 0.010980424 0.002441391 -0.019374719 -0.010964232 0.999918461 -0.006548919 -0.172784895 -0.002513102 0.006521736 0.999975502 9.579741478
0.999908388 0.012982813 0.003840332 -0.020202186 -0.012953538 0.999887586 -0.007552395 -0.173335865 -0.003937951 0.007501957 0.999963999 9.615461349
0.999919057 0.012505827 0.002360767 -0.019614074 -0.012488712 0.999896586 -0.007130462 -0.174630970 -0.002449695 0.007100401 0.999971688 9.653451920
0.999905348 0.013498819 0.002653941 -0.019456349 -0.013480883 0.999886930 -0.006663803 -0.175338507 -0.002743593 0.006627395 0.999974251 9.689612389
0.999925375 0.011967546 0.002422947 -0.019666106 -0.011953760 0.999912798 -0.005626048 -0.176129460 -0.002490066 0.005596665 0.999981165 9.726856232
