0.999999821 -0.000488091 -0.000212783 -0.000188381 0.000488429 0.999998569 0.001594961 -0.000496654 0.000212004 -0.001595064 0.999998689 0.033579357
0.999998271 -0.001607186 -0.000907264 0.000207990 0.001608894 0.999996901 0.001885032 -0.001088114 0.000904231 -0.001886488 0.999997795 0.067507006
0.999995649 -0.002902244 -0.000561748 -0.000430931 0.002902661 0.999995649 0.000742929 -0.001425214 0.000559589 -0.000744556 0.999999583 0.100668736
0.999992251 -0.003922559 0.000268051 -0.000311209 0.003922080 0.999990761 0.001768081 -0.002430402 -0.000274984 -0.001767016 0.999998391 0.134332210
0.999992669 -0.003768102 -0.000659141 -0.000462299 0.003769124 0.999991715 0.001556024 -0.002359780 0.000653272 -0.001558497 0.999998510 0.168471441
0.999988496 -0.004799042 -0.000255694 -0.000649441 0.004799701 0.999985099 0.002637815 -0.002857996 0.000243031 -0.002639012 0.999996424 0.203030840
0.999987960 -0.004875525 -0.000555806 -0.000855611 0.004877250 0.999983311 0.003144430 -0.003320872 0.000540466 -0.003147104 0.999994814 0.236454576
0.999990582 -0.004252284 -0.000855374 -0.001076648 0.004253613 0.999989867 0.001558255 -0.003965852 0.000848739 -0.001561879 0.999998391 0.270996392
0.999999523 -0.000786876 -0.000607184 -0.001876875 0.000786447 0.999999464 -0.000705438 -0.004410889 0.000607739 0.000704960 0.999999523 0.306305915
0.999998271 0.001625973 -0.000890479 -0.001557088 -0.001627223 0.999997616 -0.001405096 -0.005042419 0.000888193 0.001406543 0.999998569 0.338985533
0.999990106 0.004425651 -0.000526314 -0.002153686 -0.004426446 0.999989033 -0.001520436 -0.005650808 0.000519579 0.001522750 0.999998689 0.374035448
0.999985218 0.005437360 0.000030804 -0.002795057 -0.005437334 0.999984920 -0.000787751 -0.006091136 -0.000035087 0.000787572 0.999999702 0.408063740
0.999995053 0.003113085 -0.000489080 -0.002069287 -0.003112100 0.999993145 0.002004282 -0.006739005 0.000495316 -0.002002750 0.999997795 0.442488015
0.999998987 -0.001361607 -0.000312535 -0.002431129 0.001362847 0.999991119 0.004002367 -0.007338785 0.000307083 -0.004002789 0.999991894 0.477178574
0.999993265 -0.003674994 0.000255658 -0.003094493 0.003674567 0.999991894 0.001651670 -0.007735232 -0.000261726 -0.001650719 0.999998569 0.511703014
0.999988377 -0.004809366 -0.000354333 -0.002475102 0.004809302 0.999988437 -0.000181203 -0.008334856 0.000355200 0.000179496 0.999999940 0.546064913
0.999996781 -0.002546510 0.000136554 -0.002712836 0.002546816 0.999994218 -0.002293084 -0.008787347 -0.000130713 0.002293424 0.999997377 0.581240237
0.999997795 0.000100941 0.002089496 -0.003761459 -0.000100393 1.000000000 -0.000262733 -0.009274747 -0.002089523 0.000262523 0.999997795 0.616211474
0.999998033 0.001320839 0.001489445 -0.003069109 -0.001326273 0.999992430 0.003653317 -0.009910774 -0.001484608 -0.003655286 0.999992132 0.650720477
0.999997139 -0.001318511 0.001987997 -0.003205178 0.001307870 0.999984860 0.005343985 -0.010141311 -0.001995013 -0.005341371 0.999983728 0.685707808
0.999988616 -0.004630460 0.001228405 -0.002909741 0.004626968 0.999985218 0.002830873 -0.010287762 -0.001241496 -0.002825158 0.999995232 0.721198499
0.999980509 -0.006114321 0.001223325 -0.002780259 0.006112445 0.999980152 0.001531567 -0.011277220 -0.001232665 -0.001524060 0.999998093 0.756574631
0.999976397 -0.006362357 0.002592312 -0.003361657 0.006364314 0.999979436 -0.000747606 -0.012245663 -0.002587502 0.000764087 0.999996364 0.791008174
0.999993503 -0.001762307 0.003131463 -0.003489058 0.001769361 0.999995887 -0.002251216 -0.012451023 -0.003127483 0.002256742 0.999992609 0.826812863
0.999993145 -0.002370737 0.002852545 -0.003105797 0.002382201 0.999989033 -0.004022117 -0.012951517 -0.002842978 0.004028886 0.999987841 0.862269402
0.999995410 -0.000770336 0.002943408 -0.003010851 0.000781394 0.999992669 -0.003757440 -0.013454091 -0.002940492 0.003759723 0.999988675 0.897849262
0.999994516 -0.000063246 0.003318973 -0.003946718 0.000070512 0.999997556 -0.002189029 -0.014466078 -0.003318826 0.002189251 0.999992073 0.933725297
0.999995351 0.000711426 0.002952720 -0.003875686 -0.000708471 0.999999225 -0.001001535 -0.014542386 -0.002953430 0.000999439 0.999995112 0.968749106
0.999994099 0.002527836 0.002321350 -0.003530171 -0.002527192 0.999996781 -0.000280298 -0.015671253 -0.002322050 0.000274430 0.999997258 1.005073905
0.999981523 0.005426595 0.002737653 -0.003947737 -0.005424359 0.999984920 -0.000823554 -0.016206216 -0.002742080 0.000808689 0.999995887 1.040718794
0.999967575 0.007653257 0.002507212 -0.004388987 -0.007652499 0.999970734 -0.000311835 -0.016770173 -0.002509525 0.000292639 0.999996841 1.077068448
0.999965250 0.007963978 0.002438333 -0.004712751 -0.007962228 0.999968112 -0.000727160 -0.017246699 -0.002444046 0.000707720 0.999996722 1.113081574
0.999975801 0.006675655 0.002032455 -0.004296439 -0.006675608 0.999977708 -0.000030625 -0.018008379 -0.002032614 0.000017056 0.999997914 1.148054361
0.999981761 0.005911518 0.001289299 -0.004276410 -0.005910092 0.999981940 -0.001106979 -0.018285297 -0.001295820 0.001099339 0.999998510 1.184514642
0.999980986 0.006153640 0.000475937 -0.004574680 -0.006153352 0.999980927 -0.000603923 -0.019332211 -0.000479644 0.000600983 0.999999702 1.220412254
0.999983311 0.005619348 -0.001363199 -0.004547105 -0.005618915 0.999984145 0.000320208 -0.019606167 0.001364977 -0.000312543 0.999999046 1.257948399
0.999979258 0.006171878 -0.001839768 -0.004715953 -0.006171028 0.999980867 0.000467390 -0.020494992 0.001842617 -0.000456027 0.999998212 1.293332219
0.999972701 0.006874055 -0.002710201 -0.005476260 -0.006871897 0.999976099 0.000804184 -0.020823121 0.002715664 -0.000785537 0.999996006 1.328395247
0.999976933 0.005573849 -0.003863141 -0.006124881 -0.005567379 0.999983132 0.001683296 -0.021402519 0.003872457 -0.001661749 0.999991179 1.364719510
0.999978185 0.002452777 -0.006131607 -0.004826646 -0.002430926 0.999990761 0.003568489 -0.022860238 0.006140302 -0.003553506 0.999974847 1.404139996
0.999984860 0.001568449 -0.005261929 -0.006086375 -0.001551965 0.999993861 0.003135409 -0.022815578 0.005266814 -0.003127195 0.999981165 1.436886072
0.999979734 -0.000162326 -0.006358751 -0.005903307 0.000177895 0.999996960 0.002448018 -0.023385230 0.006358335 -0.002449099 0.999976754 1.474047780
0.999981284 0.000077502 -0.006112966 -0.006581824 -0.000060508 0.999996185 0.002780141 -0.024075849 0.006113159 -0.002779719 0.999977410 1.509513736
0.999981642 -0.002168582 -0.005662264 -0.006471767 0.002186661 0.999992549 0.003188610 -0.024392685 0.005655307 -0.003200933 0.999978900 1.544922590
0.999954939 -0.007403208 -0.005945368 -0.006586190 0.007429002 0.999963045 0.004328301 -0.024685623 0.005913105 -0.004372275 0.999972880 1.579092860
0.999938846 -0.009239897 -0.006088655 -0.006240721 0.009266850 0.999947429 0.004413744 -0.025077714 0.006047553 -0.004469897 0.999971688 1.614256382
0.999930084 -0.010602339 -0.005228535 -0.006884800 0.010619367 0.999938428 0.003240000 -0.025345372 0.005193862 -0.003295297 0.999981046 1.650494576
0.999940932 -0.009889497 -0.004507218 -0.006846637 0.009903191 0.999946415 0.003025826 -0.026363075 0.004477053 -0.003070283 0.999985218 1.686287880
0.999945343 -0.009384117 -0.004613994 -0.006542752 0.009395741 0.999952674 0.002503910 -0.025920307 0.004590278 -0.002547125 0.999986231 1.717387080
0.999969602 -0.007397789 -0.002498736 -0.009724528 0.007405318 0.999968052 0.003017660 -0.026227554 0.002476332 -0.003036072 0.999992311 1.757278085
0.999979317 -0.005009319 -0.004034629 -0.006612797 0.005033338 0.999969542 0.005965388 -0.027012791 0.004004623 -0.005985573 0.999974072 1.785894513
0.999999285 -0.000852296 -0.000896206 -0.011315884 0.000856660 0.999987662 0.004881334 -0.027220784 0.000892034 -0.004882097 0.999987721 1.828794479
0.999990344 0.004365602 -0.000551435 -0.011464301 -0.004363129 0.999980748 0.004408319 -0.026616614 0.000570669 -0.004405871 0.999990106 1.859186888
0.999967813 0.008007016 0.000492793 -0.012339482 -0.008008922 0.999959886 0.003997568 -0.027850715 -0.000460764 -0.004001386 0.999991894 1.892863393
0.999978960 0.006483153 0.000402071 -0.012120270 -0.006484934 0.999968410 0.004597152 -0.028273683 -0.000372255 -0.004599663 0.999989331 1.924602628
0.999966264 0.008039507 0.001717747 -0.012765123 -0.008048150 0.999954700 0.005085130 -0.028916653 -0.001676787 -0.005098783 0.999985635 1.956549406
0.999944329 0.009680559 0.004195917 -0.015847474 -0.009696867 0.999945402 0.003883869 -0.027980037 -0.004158090 -0.003924339 0.999983668 1.988458872
0.999979019 0.006327274 0.001402002 -0.013280688 -0.006331780 0.999974728 0.003233338 -0.029724218 -0.001381509 -0.003242149 0.999993742 2.032385826
0.999983549 0.005086063 0.002652604 -0.015461232 -0.005093570 0.999983013 0.002830991 -0.029478587 -0.002638161 -0.002844456 0.999992430 2.065061331
0.999984324 0.005485236 0.001097220 -0.013638803 -0.005488023 0.999981761 0.002553346 -0.029804310 -0.001083194 -0.002559328 0.999996126 2.100580931
0.999987364 0.004935632 0.000867903 -0.014124341 -0.004937719 0.999984860 0.002419658 -0.031111222 -0.000855947 -0.002423914 0.999996722 2.133504152
0.999978662 0.006543239 -0.000071702 -0.014530253 -0.006543056 0.999975920 0.002302750 -0.031707563 0.000086768 -0.002302232 0.999997318 2.171331406
0.999989271 0.004326591 -0.001665797 -0.014094568 -0.004320199 0.999983370 0.003821695 -0.032059513 0.001682304 -0.003814456 0.999991298 2.203313351
0.999989927 0.002711251 -0.003566842 -0.013608159 -0.002697446 0.999988794 0.003869652 -0.031990848 0.003577294 -0.003859991 0.999986172 2.237608671
0.999991775 -0.000700649 -0.003993019 -0.014581796 0.000719871 0.999988139 0.004814770 -0.032678045 0.003989598 -0.004817604 0.999980450 2.270531178
0.999992073 -0.001626832 -0.003619951 -0.015377461 0.001645410 0.999985516 0.005135213 -0.033471003 0.003611545 -0.005141129 0.999980271 2.303400278
0.999977887 -0.004340125 -0.005049177 -0.015581504 0.004368074 0.999975085 0.005537694 -0.034572899 0.005025017 -0.005559627 0.999971867 2.338211060
0.999956191 -0.006439389 -0.006793152 -0.014971805 0.006471626 0.999967813 0.004734071 -0.034565948 0.006762449 -0.004777826 0.999965727 2.372724771
0.999962866 -0.005773250 -0.006398226 -0.016096018 0.005800749 0.999974012 0.004287683 -0.034661964 0.006373306 -0.004324638 0.999970317 2.406202078
0.999961078 -0.005403619 -0.006986951 -0.015871570 0.005431248 0.999977529 0.003941339 -0.035540447 0.006965497 -0.003979133 0.999967813 2.440508366
0.999971986 -0.004022257 -0.006311635 -0.016599854 0.004041452 0.999987304 0.003031353 -0.036202263 0.006299363 -0.003056777 0.999975502 2.472258091
0.999980628 -0.003730946 -0.004978847 -0.018436519 0.003745667 0.999988616 0.002950713 -0.036308683 0.004967782 -0.002969305 0.999983251 2.505446196
0.999977469 -0.003257400 -0.005870291 -0.017530967 0.003284419 0.999984026 0.004599027 -0.037200093 0.005855216 -0.004618204 0.999972165 2.538410187
0.999977469 -0.002467234 -0.006247363 -0.016602511 0.002504606 0.999979019 0.005981414 -0.037217215 0.006232475 -0.005996925 0.999962509 2.568541050
0.999976993 -0.003980364 -0.005470791 -0.016717989 0.004006056 0.999980986 0.004693412 -0.037675474 0.005452005 -0.004715222 0.999974012 2.598601580
0.999973536 -0.003952032 -0.006122531 -0.017663140 0.003971242 0.999987125 0.003128510 -0.039235480 0.006110089 -0.003152741 0.999976337 2.635085106
0.999985278 -0.002103747 -0.004999617 -0.018835234 0.002108637 0.999997437 0.000972922 -0.039561018 0.004997557 -0.000983450 0.999986947 2.664582014
0.999981225 -0.004009518 -0.004622066 -0.020219637 0.004017910 0.999990284 0.001807827 -0.040249474 0.004614772 -0.001826364 0.999987662 2.699195862
0.999977291 -0.004793812 -0.004728410 -0.017748982 0.004816168 0.999977291 0.004727964 -0.041948892 0.004705637 -0.004750630 0.999977589 2.728448391
0.999962211 -0.007983025 -0.003449726 -0.017826738 0.008000546 0.999954998 0.005094677 -0.041071508 0.003408900 -0.005122083 0.999981046 2.756455421
0.999957621 -0.008669997 -0.003095542 -0.019188998 0.008678407 0.999958575 0.002713809 -0.041275058 0.003071885 -0.002740558 0.999991477 2.792718172
0.999973655 -0.007036864 -0.001778502 -0.019521464 0.007037811 0.999975085 0.000527705 -0.041805111 0.001774744 -0.000540209 0.999998212 2.823575497
0.999992371 -0.003877421 -0.000423394 -0.018856350 0.003876680 0.999990940 -0.001738753 -0.042341679 0.000430132 0.001737099 0.999998450 2.853182077
0.999999464 0.001011292 -0.000014755 -0.017029501 -0.001011302 0.999999166 -0.000772206 -0.043983694 0.000013974 0.000772220 0.999999702 2.885421753
0.999997616 0.001272788 0.001778023 -0.019961733 -0.001273665 0.999999046 0.000491116 -0.043735739 -0.001777397 -0.000493379 0.999998271 2.920728683
0.999994755 -0.000848856 0.003108144 -0.019842763 0.000838588 0.999994159 0.003303146 -0.044131190 -0.003110930 -0.003300522 0.999989748 2.950994492
0.999997735 -0.000908634 0.001953094 -0.017470799 0.000899718 0.999989092 0.004560499 -0.045493431 -0.001957217 -0.004558732 0.999987662 2.982882261
0.999994695 -0.000410011 0.003229976 -0.016563309 0.000397158 0.999992013 0.003978437 -0.046072409 -0.003231581 -0.003977133 0.999986827 3.014181376
0.999976575 0.003428252 0.005928848 -0.020212622 -0.003441174 0.999991715 0.002170617 -0.045977451 -0.005921359 -0.002190968 0.999980032 3.048962593
0.999965489 0.004180717 0.007180630 -0.020192498 -0.004192571 0.999989867 0.001636628 -0.045717664 -0.007173715 -0.001666677 0.999972880 3.081271887
0.999950111 0.006075752 0.007935671 -0.019741761 -0.006082619 0.999981165 0.000841532 -0.046780556 -0.007930409 -0.000889760 0.999968171 3.114277124
0.999935627 0.007449776 0.008551221 -0.017825939 -0.007450431 0.999972165 0.000044677 -0.047804389 -0.008550651 -0.000108385 0.999963462 3.146522284
0.999923944 0.006684164 0.010366186 -0.020010330 -0.006677086 0.999977469 -0.000717197 -0.047567040 -0.010370745 0.000647927 0.999945998 3.176897049
0.999898195 0.007083607 0.012389494 -0.020505968 -0.007086294 0.999974966 0.000173065 -0.048147283 -0.012387957 -0.000260843 0.999923229 3.208774567
0.999906361 0.005991248 0.012304070 -0.019107826 -0.006006054 0.999981284 0.001166719 -0.049131382 -0.012296851 -0.001240508 0.999923587 3.240770340
0.999916911 0.005495741 0.011658934 -0.018479988 -0.005514270 0.999983609 0.001557773 -0.049849484 -0.011650182 -0.001621934 0.999930859 3.273451090
0.999929070 0.002984158 0.011531943 -0.017302465 -0.003003319 0.999994218 0.001644643 -0.050299741 -0.011526966 -0.001679160 0.999932170 3.307395220
0.999920845 0.001806042 0.012450252 -0.019172259 -0.001835718 0.999995530 0.002372491 -0.050180506 -0.012445912 -0.002395158 0.999919593 3.337591648
0.999925137 0.000434995 0.012225325 -0.019136179 -0.000455041 0.999998569 0.001636979 -0.050363395 -0.012224593 -0.001642420 0.999923825 3.369491100
0.999941587 -0.000227601 0.010802790 -0.018358868 0.000212826 0.999999046 0.001368831 -0.050692271 -0.010803089 -0.001366452 0.999940634 3.401181221
0.999953091 -0.001453750 0.009573624 -0.017648954 0.001435100 0.999997079 0.001954609 -0.050949126 -0.009576436 -0.001940778 0.999952257 3.432646513
0.999952734 -0.004493409 0.008614744 -0.018472370 0.004461593 0.999983132 0.003708732 -0.053027179 -0.008631265 -0.003670122 0.999956012 3.467563629
0.999962926 -0.004745232 0.007182286 -0.018240014 0.004719524 0.999982357 0.003592133 -0.053435016 -0.007199205 -0.003558102 0.999967813 3.498473883
0.999968708 -0.005073530 0.006071450 -0.017952396 0.005056765 0.999983311 0.002773314 -0.053881098 -0.006085419 -0.002742525 0.999977767 3.529445887
0.999972641 -0.005040349 0.005412668 -0.018074045 0.005025969 0.999983728 0.002667040 -0.054680094 -0.005426023 -0.002639763 0.999981821 3.561919928
0.999965608 -0.007533320 0.003477864 -0.016904198 0.007531374 0.999971509 0.000571886 -0.055137809 -0.003482073 -0.000545674 0.999993861 3.594740391
0.999918163 -0.012538021 0.002539125 -0.017322659 0.012538583 0.999921381 -0.000204713 -0.055441931 -0.002536359 0.000236533 0.999996722 3.629113197
0.999798834 -0.020011583 0.001349425 -0.016818292 0.020007696 0.999795794 0.002833268 -0.056270801 -0.001405848 -0.002805700 0.999995112 3.660771847
0.999619484 -0.027579691 -0.000490808 -0.016274456 0.027581556 0.999610245 0.004323945 -0.056861389 0.000371363 -0.004335837 0.999990523 3.692955017
0.999479175 -0.032236997 -0.001503116 -0.016345248 0.032239381 0.999478936 0.001591856 -0.057800297 0.001451016 -0.001639487 0.999997556 3.724379539
0.999566019 -0.029454628 -0.000477005 -0.017333331 0.029453274 0.999562681 -0.002633757 -0.057676956 0.000554373 0.002618565 0.999996424 3.757743359
0.999645412 -0.026622863 0.000533393 -0.017645275 0.026624924 0.999636173 -0.004320681 -0.058489840 -0.000418170 0.004333351 0.999990523 3.789077044
0.999681830 -0.025134206 0.002104128 -0.018251380 0.025145000 0.999669969 -0.005271167 -0.058691457 -0.001970947 0.005322399 0.999983907 3.819813967
0.999583125 -0.028770231 0.002393935 -0.017975966 0.028774193 0.999584615 -0.001638000 -0.059374157 -0.002345815 0.001706201 0.999995828 3.853021383
0.999431610 -0.033616159 0.002507654 -0.017652160 0.033614691 0.999434710 0.000624123 -0.059767533 -0.002527217 -0.000539474 0.999996662 3.884911299
0.999218702 -0.039488107 0.001580156 -0.017028309 0.039483067 0.999215424 0.003099733 -0.060849972 -0.001701318 -0.003034922 0.999993920 3.921286345
0.999196529 -0.040012483 0.002245603 -0.017314831 0.040007375 0.999196768 0.002273317 -0.061191820 -0.002334760 -0.002181650 0.999994874 3.952502251
0.999268353 -0.038157858 0.002543877 -0.016943000 0.038150586 0.999267936 0.002843876 -0.061673604 -0.002650531 -0.002744745 0.999992728 3.984639883
0.999441206 -0.033191860 0.003964983 -0.016606189 0.033184193 0.999447227 0.001984469 -0.061810572 -0.004028661 -0.001851785 0.999990225 4.012700558
0.999471009 -0.032039654 0.005580069 -0.017252848 0.032034010 0.999486208 0.001098111 -0.062955022 -0.005612386 -0.000918778 0.999983847 4.043929100
0.999587178 -0.028126298 0.005859723 -0.017809749 0.028128654 0.999604285 -0.000319363 -0.063303903 -0.005848423 0.000484057 0.999982774 4.083461285
0.999632776 -0.026532469 0.005505535 -0.017504644 0.026527381 0.999647617 0.000995357 -0.064092144 -0.005530004 -0.000848944 0.999984384 4.117788792
0.999636590 -0.026422361 0.005328788 -0.017644696 0.026414493 0.999649942 0.001542043 -0.064949542 -0.005367667 -0.001400726 0.999984622 4.149170876
0.999720454 -0.022630861 0.006833631 -0.018087119 0.022642517 0.999742389 -0.001633391 -0.064932607 -0.006794905 0.001787665 0.999975264 4.176758289
0.999840915 -0.017096171 0.005079714 -0.017539531 0.017120164 0.999842167 -0.004717004 -0.066081226 -0.004998270 0.004803219 0.999975979 4.211477757
0.999895036 -0.013582126 0.005039626 -0.017537320 0.013609354 0.999892652 -0.005407940 -0.067003042 -0.004965635 0.005475957 0.999972701 4.243097782
0.999947429 -0.009169572 0.004590042 -0.017318806 0.009188529 0.999949217 -0.004125562 -0.067637913 -0.004551980 0.004167521 0.999980986 4.277317524
0.999965608 -0.006485826 0.005162499 -0.017073309 0.006499772 0.999975204 -0.002688487 -0.067997321 -0.005144935 0.002721950 0.999983072 4.309303761
0.999975324 -0.005328351 0.004567795 -0.016482830 0.005329462 0.999985695 -0.000230568 -0.068906225 -0.004566501 0.000254907 0.999989569 4.342053413
0.999933541 -0.010687573 0.004329821 -0.016217547 0.010682906 0.999942243 0.001099767 -0.069092110 -0.004341326 -0.001053439 0.999989986 4.372725964
0.999944508 -0.010073287 0.003056752 -0.018173136 0.010072925 0.999949217 0.000133922 -0.069202811 -0.003057945 -0.000103125 0.999995291 4.409467697
0.999912202 -0.013247788 0.000038201 -0.017674888 0.013247843 0.999908805 -0.002633021 -0.070593677 -0.000003315 0.002633296 0.999996543 4.443479061
0.999950171 -0.009947102 -0.000760253 -0.018033866 0.009940920 0.999920607 -0.007741350 -0.071065851 0.000837197 0.007733406 0.999969721 4.477027416
0.999971449 -0.007467408 -0.001084115 -0.018992107 0.007458380 0.999939263 -0.008106197 -0.071512699 0.001144582 0.008097880 0.999966502 4.511483192
0.999988973 -0.004291525 -0.001903761 -0.019644864 0.004276588 0.999960601 -0.007781296 -0.071070410 0.001937080 0.007773068 0.999967873 4.546623707
0.999999225 0.001190846 0.000001151 -0.021115165 -0.001190834 0.999992490 -0.003671857 -0.074482597 -0.000005523 0.003671853 0.999993265 4.574147224
0.999986410 0.005189098 0.000364937 -0.021077383 -0.005187702 0.999979556 -0.003726863 -0.073495507 -0.000384268 0.003724919 0.999993026 4.608432293
0.999998331 0.001645204 0.000769140 -0.021532860 -0.001643897 0.999997199 -0.001696479 -0.074142292 -0.000771929 0.001695211 0.999998331 4.639695644
0.999995947 0.002810356 0.000403805 -0.021474181 -0.002809697 0.999994755 -0.001624181 -0.075401284 -0.000408367 0.001623040 0.999998629 4.675658703
0.999998748 -0.001339932 0.000844998 -0.022184607 0.001340288 0.999998987 -0.000419848 -0.075810842 -0.000844434 0.000420980 0.999999583 4.707633495
0.999993801 0.001523097 0.003158525 -0.023980271 -0.001518569 0.999997735 -0.001435488 -0.076651946 -0.003160704 0.001430683 0.999994040 4.738623619
0.999968052 -0.007920926 0.001085745 -0.021863002 0.007919727 0.999968052 0.001103212 -0.077494465 -0.001094449 -0.001094578 0.999998808 4.776644707
0.999934852 -0.011354275 0.001202108 -0.020594154 0.011352181 0.999934018 0.001735089 -0.077694386 -0.001221729 -0.001721330 0.999997735 4.809749126
0.999933243 -0.011140387 0.003042335 -0.022944648 0.011136392 0.999937117 0.001326306 -0.078615375 -0.003056920 -0.001292337 0.999994457 4.844711781
0.999949634 -0.009592998 0.002944402 -0.022341579 0.009602991 0.999948144 -0.003398451 -0.078296855 -0.002911648 0.003426555 0.999989867 4.877739429
0.999983728 -0.004679472 0.003249060 -0.023279769 0.004701517 0.999965847 -0.006811252 -0.079759926 -0.003217075 0.006826417 0.999971509 4.912342072
0.999986827 0.003502238 0.003741218 -0.022579601 -0.003475487 0.999968529 -0.007133146 -0.080322944 -0.003766082 0.007120049 0.999967515 4.947062969
0.999905586 0.012428940 0.005865215 -0.023557998 -0.012409477 0.999917448 -0.003343231 -0.081135869 -0.005906283 0.003270131 0.999977171 4.981227875
0.999897897 0.012648523 0.006650466 -0.024814293 -0.012644700 0.999919951 -0.000616673 -0.082000144 -0.006657733 0.000532517 0.999977648 5.016780853
0.999915659 0.011038651 0.006842098 -0.025068257 -0.011035616 0.999938965 -0.000481490 -0.082424343 -0.006846996 0.000405942 0.999976456 5.049149513
0.999938130 0.008726791 0.006903643 -0.026190754 -0.008719339 0.999961376 -0.001108494 -0.082789890 -0.006913050 0.001048230 0.999975562 5.085215092
0.999973834 0.006148780 0.003803337 -0.023663543 -0.006142533 0.999979734 -0.001652061 -0.083223976 -0.003813418 0.001628656 0.999991417 5.118690968
0.999969244 0.006968191 0.003582949 -0.024297534 -0.006957689 0.999971509 -0.002935094 -0.083591983 -0.003603299 0.002910075 0.999989331 5.153380871
0.999968708 0.007162150 0.003365099 -0.024312725 -0.007155048 0.999972224 -0.002117736 -0.084646374 -0.003380173 0.002093592 0.999992073 5.188734055
0.999943018 0.010049415 0.003606600 -0.025108807 -0.010043364 0.999948144 -0.001692053 -0.084944718 -0.003623417 0.001655734 0.999992073 5.223504543
0.999966085 0.007688454 0.002933287 -0.024098467 -0.007684643 0.999969602 -0.001308479 -0.085921668 -0.002943258 0.001285893 0.999994755 5.257452965
0.999960124 0.008360765 0.003119642 -0.025075348 -0.008351969 0.999961138 -0.002821941 -0.086408481 -0.003143114 0.002795773 0.999991119 5.292932987
0.999966145 0.007886161 0.002332116 -0.024499610 -0.007879806 0.999965250 -0.002721743 -0.087466776 -0.002353499 0.002703274 0.999993503 5.326799870
0.999971390 0.007376321 0.001712523 -0.024116162 -0.007371435 0.999968827 -0.002841390 -0.087932467 -0.001733429 0.002828685 0.999994397 5.362825871
0.999970257 0.007540035 0.001570101 -0.024430394 -0.007535419 0.999967277 -0.002925069 -0.088520996 -0.001592105 0.002913151 0.999994516 5.397332191
0.999964535 0.008278059 0.001536651 -0.024871403 -0.008273201 0.999960840 -0.003140693 -0.089330852 -0.001562590 0.003127869 0.999993920 5.432664871
0.999955833 0.009314596 0.001256325 -0.025051821 -0.009310185 0.999950647 -0.003471891 -0.090227440 -0.001288602 0.003460041 0.999993205 5.467589855
0.999958038 0.008946446 0.001959509 -0.025851527 -0.008939310 0.999953449 -0.003620889 -0.090651415 -0.001991813 0.003603220 0.999991536 5.503144741
0.999959767 0.008917981 0.000912284 -0.025704222 -0.008915018 0.999955118 -0.003202613 -0.091632798 -0.000940804 0.003194351 0.999994457 5.539036751
0.999969244 0.007826604 -0.000414128 -0.025216492 -0.007828104 0.999962330 -0.003750122 -0.092147179 0.000384762 0.003753249 0.999992907 5.575520992
0.999978364 0.006534183 0.000716993 -0.026095554 -0.006531824 0.999973416 -0.003244660 -0.093131863 -0.000738175 0.003239906 0.999994516 5.610005379
0.999985278 0.005300282 0.001101968 -0.026398901 -0.005296783 0.999981046 -0.003154500 -0.093643315 -0.001118667 0.003148617 0.999994457 5.645581722
0.999994814 0.003187244 0.000365645 -0.025853509 -0.003186320 0.999991775 -0.002499300 -0.094442144 -0.000373608 0.002498122 0.999996781 5.682248592
0.999994576 0.003270194 0.000401279 -0.026008431 -0.003269604 0.999993563 -0.001462080 -0.095549449 -0.000406058 0.001460760 0.999998808 5.717097282
0.999990344 0.004196255 0.001311930 -0.026980268 -0.004192587 0.999987304 -0.002786538 -0.095774479 -0.001323607 0.002781010 0.999995232 5.753105640
0.999988914 0.004632329 0.000872513 -0.026482424 -0.004630575 0.999987245 -0.002001596 -0.097491384 -0.000881774 0.001997533 0.999997556 5.788886547
0.999986947 0.005111602 0.000458581 -0.026181655 -0.005110228 0.999982715 -0.002947641 -0.096945137 -0.000473640 0.002945259 0.999995530 5.825789452
0.999980390 0.005917127 0.002079326 -0.027012641 -0.005914727 0.999981880 -0.001158291 -0.097510792 -0.002086142 0.001145970 0.999997199 5.862379551
0.999983907 0.005453676 0.001556600 -0.026139375 -0.005453892 0.999985158 0.000133863 -0.098506868 -0.001555847 -0.000142351 0.999998808 5.898042679
0.999985099 0.005381918 0.000924398 -0.025900636 -0.005380538 0.999984443 -0.001488243 -0.099331602 -0.000932393 0.001483247 0.999998450 5.934477806
0.999976218 0.005475467 0.004179370 -0.027705483 -0.005461738 0.999979675 -0.003289641 -0.099643007 -0.004197298 0.003266736 0.999985814 5.969577789
0.999970198 0.006749520 0.003746197 -0.027261760 -0.006737479 0.999972105 -0.003217524 -0.100163676 -0.003767809 0.003192188 0.999987781 6.006460667
0.999969959 0.006836196 0.003660347 -0.027336577 -0.006829445 0.999974966 -0.001853946 -0.101226345 -0.003672930 0.001828892 0.999991536 6.042647362
0.999971688 0.006375825 0.003972261 -0.027868232 -0.006376637 0.999979615 0.000191798 -0.102777399 -0.003970956 -0.000217122 0.999992073 6.078316689
0.999970615 0.007012812 0.003088380 -0.027452584 -0.007010204 0.999975085 -0.000855016 -0.102809444 -0.003094299 0.000833341 0.999994874 6.114830017
0.999957204 0.008359680 0.003962643 -0.027884761 -0.008356969 0.999964893 -0.000700186 -0.103339598 -0.003968357 0.000667041 0.999991953 6.150617599
0.999944568 0.010270585 0.002317223 -0.026931014 -0.010268469 0.999946892 -0.000923521 -0.103833534 -0.002326585 0.000899675 0.999996901 6.186586380
0.999951601 0.009368222 0.003012085 -0.027715364 -0.009364348 0.999955416 -0.001297171 -0.104132906 -0.003024103 0.001268901 0.999994636 6.223268509
0.999965906 0.007940133 0.002257060 -0.027350806 -0.007938568 0.999968231 -0.000701862 -0.105171889 -0.002262561 0.000683920 0.999997199 6.260930061
0.999982655 0.005822157 0.000779110 -0.026826486 -0.005822625 0.999982893 0.000599324 -0.105938137 -0.000775607 -0.000603850 0.999999464 6.297894478
0.999993026 0.003194520 0.001886873 -0.027465414 -0.003196643 0.999994218 0.001123138 -0.106244475 -0.001883274 -0.001129162 0.999997616 6.333674908
0.999998808 0.001265073 0.000805546 -0.027495313 -0.001264729 0.999999046 -0.000427563 -0.106540494 -0.000806086 0.000426544 0.999999523 6.371526241
0.999998391 -0.001102421 0.001403447 -0.027469028 0.001103551 0.999999046 -0.000804294 -0.107155643 -0.001402559 0.000805842 0.999998689 6.407392979
0.999996364 -0.000498042 0.002640108 -0.027721412 0.000495879 0.999999523 0.000819731 -0.108170129 -0.002640515 -0.000818418 0.999996185 6.443833828
0.999990404 -0.002972940 0.003204721 -0.028132863 0.002963295 0.999991000 0.003009891 -0.108932458 -0.003213641 -0.003000366 0.999990284 6.479558945
0.999967694 -0.007350726 0.003252512 -0.027755536 0.007340769 0.999968290 0.003062674 -0.109372526 -0.003274922 -0.003038699 0.999990046 6.514712334
0.999974489 -0.006182217 0.003571690 -0.028343782 0.006179423 0.999980569 0.000793207 -0.109446719 -0.003576525 -0.000771115 0.999993324 6.554444313
0.999976456 -0.005282329 0.004375876 -0.028223122 0.005281062 0.999985993 0.000301500 -0.110186785 -0.004377407 -0.000278384 0.999990404 6.589595795
0.999984562 -0.002172986 0.005118253 -0.028117571 0.002171788 0.999997556 0.000239392 -0.110667825 -0.005118761 -0.000228272 0.999986947 6.626585484
0.999977767 -0.000400638 0.006646765 -0.028774735 0.000398576 0.999999881 0.000311402 -0.111479603 -0.006646889 -0.000308745 0.999977887 6.664327621
0.999964833 0.000905336 0.008331893 -0.029294502 -0.000901709 0.999999523 -0.000439091 -0.111875139 -0.008332286 0.000431563 0.999965191 6.700881958
0.999948859 0.002198649 0.009864102 -0.029707909 -0.002196560 0.999997556 -0.000222662 -0.112681873 -0.009864568 0.000200984 0.999951303 6.737110615
0.999954104 0.001923121 0.009383633 -0.028771147 -0.001914389 0.999997675 -0.000939463 -0.113378532 -0.009385420 0.000921457 0.999955535 6.773902893
0.999947071 0.001426001 0.010192995 -0.028281286 -0.001415295 0.999998391 -0.001057452 -0.114269614 -0.010194486 0.001042970 0.999947548 6.809854507
0.999937415 0.001854043 0.011035540 -0.028243527 -0.001847085 0.999998093 -0.000640701 -0.114827685 -0.011036708 0.000620278 0.999938905 6.846338272
0.999933302 -0.000380605 0.011536667 -0.027862340 0.000377476 0.999999881 0.000273457 -0.115419663 -0.011536771 -0.000269084 0.999933422 6.884057045
0.999925137 -0.001948255 0.012079913 -0.027813628 0.001945704 0.999998093 0.000222874 -0.115864843 -0.012080326 -0.000199353 0.999926984 6.920701027
0.999930978 -0.001612571 0.011636246 -0.027313970 0.001634912 0.999996841 -0.001910615 -0.116823822 -0.011633129 0.001929507 0.999930441 6.957629204
0.999920011 -0.002218016 0.012454334 -0.027570546 0.002264851 0.999990463 -0.003747704 -0.117723987 -0.012445902 0.003775611 0.999915421 6.994436264
0.999950230 -0.002586305 0.009636922 -0.026475683 0.002627756 0.999987364 -0.004291129 -0.117977284 -0.009625701 0.004316239 0.999944329 7.032616138
0.999943018 -0.003887414 0.009942461 -0.026909478 0.003929678 0.999983370 -0.004234779 -0.118800201 -0.009925834 0.004273609 0.999941587 7.069477558
0.999952078 -0.004061803 0.008910521 -0.026363485 0.004104270 0.999980271 -0.004752839 -0.119510621 -0.008891040 0.004789183 0.999948978 7.103625298
0.999956727 -0.005147646 0.007753548 -0.025855161 0.005189806 0.999971807 -0.005427164 -0.119512513 -0.007725392 0.005467169 0.999955177 7.140679836
0.999971330 -0.004041327 0.006413158 -0.024987523 0.004073615 0.999979019 -0.005029521 -0.120213538 -0.006392699 0.005055502 0.999966800 7.177474022
0.999968648 -0.004156556 0.006759247 -0.026093829 0.004185169 0.999982297 -0.004224720 -0.121832982 -0.006741568 0.004252875 0.999968171 7.213568687
0.999977410 -0.003684730 0.005642223 -0.025782224 0.003699578 0.999989748 -0.002623435 -0.122796886 -0.005632499 0.002644249 0.999980628 7.250548840
0.999985576 -0.001120266 0.005256260 -0.026338600 0.001125560 0.999998808 -0.001004310 -0.123450592 -0.005255130 0.001010212 0.999985695 7.282953262
0.999979615 -0.001692890 0.006152831 -0.026230078 0.001702790 0.999997258 -0.001604211 -0.123758137 -0.006150099 0.001614656 0.999979794 7.322407722
0.999972880 -0.002424519 0.006958518 -0.026152004 0.002438365 0.999995053 -0.001982114 -0.124380596 -0.006953678 0.001999028 0.999973834 7.359221458
0.999969244 -0.003671188 0.006928918 -0.025910366 0.003683975 0.999991477 -0.001833546 -0.125316486 -0.006922128 0.001859016 0.999974370 7.395926476
0.999958038 -0.004982778 0.007690003 -0.025946211 0.005010806 0.999980867 -0.003629709 -0.124912433 -0.007671770 0.003668090 0.999963820 7.433662415
0.999945164 -0.006428345 0.008270568 -0.025521692 0.006474223 0.999963760 -0.005532355 -0.126071617 -0.008234704 0.005585596 0.999950469 7.469286442
0.999942064 -0.006742607 0.008391631 -0.025440753 0.006799726 0.999953747 -0.006796848 -0.126406491 -0.008345415 0.006853514 0.999941707 7.505842686
0.999962568 -0.005849859 0.006374547 -0.025938489 0.005895495 0.999956965 -0.007163996 -0.127721652 -0.006332363 0.007201309 0.999954045 7.544906139
0.999981642 -0.003641826 0.004839194 -0.026575774 0.003676452 0.999967515 -0.007165618 -0.127857864 -0.004812942 0.007183278 0.999962628 7.580842018
0.999986172 -0.003474847 0.003957759 -0.025715083 0.003488528 0.999987960 -0.003455090 -0.129086778 -0.003945705 0.003468848 0.999986172 7.618305683
0.999974430 -0.005368687 0.004722493 -0.026100133 0.005370538 0.999985516 -0.000379524 -0.129775196 -0.004720387 0.000404877 0.999988794 7.658358574
0.999970317 -0.005944740 0.004903166 -0.025941502 0.005944979 0.999982357 -0.000034106 -0.130239993 -0.004902878 0.000063254 0.999988019 7.696050644
0.999961019 -0.006584485 0.005869729 -0.026585001 0.006591240 0.999977589 -0.001132261 -0.130751356 -0.005862141 0.001170906 0.999982178 7.732736111
0.999954462 -0.006948581 0.006535001 -0.026811074 0.006960686 0.999974132 -0.001831465 -0.130776823 -0.006522106 0.001876870 0.999976993 7.770426750
0.999954581 -0.007492600 0.005893747 -0.025931463 0.007496070 0.999971747 -0.000566876 -0.132605031 -0.005889334 0.000611030 0.999982417 7.809044361
0.999951720 -0.007263821 0.006623435 -0.025398266 0.007266413 0.999973536 -0.000367253 -0.133509353 -0.006620592 0.000415364 0.999978006 7.845981121
0.999952376 -0.006894642 0.006910415 -0.024537839 0.006902181 0.999975681 -0.001067749 -0.133776784 -0.006902884 0.001115395 0.999975562 7.883034706
0.999954343 -0.004276909 0.008536046 -0.026431456 0.004296884 0.999988079 -0.002323119 -0.134635121 -0.008526009 0.002359691 0.999960840 7.921282291
0.999939084 -0.006815202 0.008674102 -0.025681414 0.006813895 0.999976695 0.000180211 -0.135704041 -0.008675127 -0.000121096 0.999962389 7.960282326
0.999929011 -0.006710432 0.009839658 -0.026187539 0.006699764 0.999976873 0.001116770 -0.136858702 -0.009846924 -0.001050767 0.999951065 7.996564388
0.999921322 -0.007668608 0.009923962 -0.026463598 0.007671352 0.999970496 -0.000238495 -0.137443736 -0.009921841 0.000314606 0.999950707 8.035715103
0.999936104 -0.007285005 0.008641041 -0.025086872 0.007287989 0.999973357 -0.000313795 -0.137595579 -0.008638524 0.000376751 0.999962628 8.074027061
0.999947190 -0.005466660 0.008700253 -0.024901181 0.005490534 0.999981225 -0.002722407 -0.137952283 -0.008685207 0.002770033 0.999958456 8.110924721
0.999960124 -0.003820702 0.008065723 -0.024633534 0.003864113 0.999978065 -0.005373414 -0.138852850 -0.008045015 0.005404368 0.999953091 8.148451805
0.999975681 -0.002346224 0.006556819 -0.023797203 0.002385007 0.999979675 -0.005913386 -0.138843268 -0.006542810 0.005928881 0.999961078 8.186830521
0.999981403 -0.001776921 0.005836369 -0.024760164 0.001786907 0.999996960 -0.001706243 -0.140432462 -0.005833320 0.001716640 0.999981523 8.225739479
0.999991357 -0.000471832 0.004138178 -0.024249446 0.000467164 0.999999285 0.001128975 -0.141156346 -0.004138708 -0.001127032 0.999990821 8.264512062
0.999996126 0.000108434 0.002792697 -0.024408028 -0.000105147 0.999999404 -0.001177263 -0.141061544 -0.002792823 0.001176965 0.999995410 8.302469254
0.999998152 -0.000488553 0.001915457 -0.025369143 0.000492862 0.999997318 -0.002249968 -0.141903639 -0.001914354 0.002250907 0.999995649 8.339187622
0.999997258 -0.002332717 0.000214914 -0.025593616 0.002332696 0.999997258 0.000100453 -0.143235445 -0.000215148 -0.000099952 0.999999940 8.376038551
0.999991477 -0.003851307 -0.001477935 -0.024994034 0.003851751 0.999992549 0.000297279 -0.143812254 0.001476779 -0.000302969 0.999998808 8.414004326
0.999991417 -0.003948065 -0.001274704 -0.025869152 0.003947051 0.999991834 -0.000797393 -0.144510224 0.001277842 0.000792355 0.999998868 8.452478409
0.999990761 -0.004205178 -0.001003516 -0.026751284 0.004203613 0.999989927 -0.001557005 -0.145499676 0.001010054 0.001552772 0.999998271 8.489770889
0.999987781 -0.004531232 -0.001994609 -0.026360262 0.004526671 0.999987185 -0.002285306 -0.145811811 0.002004938 0.002276249 0.999995410 8.528882980
0.999984324 -0.005268109 -0.001892644 -0.026325971 0.005264920 0.999984741 -0.001685307 -0.146810085 0.001901494 0.001675316 0.999996781 8.564830780
0.999983728 -0.005419517 -0.001796125 -0.026859436 0.005415188 0.999982536 -0.002406859 -0.147424996 0.001809138 0.002397094 0.999995470 8.602667809
0.999984980 -0.005139596 -0.001909307 -0.027281769 0.005133400 0.999981642 -0.003235936 -0.148251086 0.001925903 0.003226086 0.999992967 8.640354156
0.999983430 -0.005530826 -0.001561512 -0.027306555 0.005527052 0.999981821 -0.002411159 -0.149358079 0.001574819 0.002402488 0.999995828 8.678269386
0.999981821 -0.005657952 -0.002037791 -0.027253011 0.005652121 0.999979973 -0.002855717 -0.150258690 0.002053908 0.002844148 0.999993861 8.715986252
0.999978960 -0.006052822 -0.002318445 -0.026916724 0.006042844 0.999972582 -0.004286845 -0.151207164 0.002344329 0.004272745 0.999988079 8.753045082
0.999967694 -0.007898551 -0.001580524 -0.027788933 0.007893677 0.999964118 -0.003067819 -0.151471287 0.001604699 0.003055244 0.999994040 8.789694786
0.999953747 -0.009484193 -0.001620354 -0.027991015 0.009480340 0.999952257 -0.002369154 -0.152149886 0.001642746 0.002353683 0.999995887 8.826497078
0.999961317 -0.008699864 -0.001334431 -0.027953085 0.008694958 0.999955475 -0.003639514 -0.152847812 0.001366035 0.003627770 0.999992490 8.863946915
0.999964476 -0.008400536 -0.000694558 -0.028799552 0.008397954 0.999958217 -0.003643097 -0.153734803 0.000725133 0.003637135 0.999993145 8.902166367
0.999976099 -0.006910797 -0.000233830 -0.029045101 0.006910087 0.999971926 -0.002917532 -0.154417694 0.000253986 0.002915846 0.999995708 8.939600945
0.999988317 -0.004747570 0.000921624 -0.029811164 0.004749783 0.999985874 -0.002412734 -0.155061051 -0.000910156 0.002417083 0.999996662 8.976531029
0.999988973 -0.004660348 0.000426743 -0.029494835 0.004661531 0.999985158 -0.002813744 -0.155974120 -0.000413623 0.002815703 0.999995947 9.015811920
0.999991953 -0.003771340 0.001325296 -0.030111551 0.003777188 0.999983013 -0.004438198 -0.156349927 -0.001308536 0.004443168 0.999989331 9.053345680
0.999982357 -0.005873241 0.000848840 -0.029901417 0.005876393 0.999975622 -0.003758751 -0.157124117 -0.000826743 0.003763674 0.999992609 9.091331482
0.999987483 -0.004970257 0.000757143 -0.029799173 0.004973256 0.999979556 -0.004013961 -0.158156246 -0.000737177 0.004017676 0.999991655 9.129791260
0.999995649 -0.002245433 0.001916190 -0.030587280 0.002253511 0.999988496 -0.004223803 -0.159084514 -0.001906684 0.004228103 0.999989271 9.168120384
0.999995589 -0.002152181 0.002054296 -0.030891830 0.002158429 0.999992967 -0.003043942 -0.159833640 -0.002047731 0.003048364 0.999993265 9.206053734
0.999998093 0.000174084 0.001954071 -0.030411158 -0.000164748 0.999988496 -0.004776911 -0.160321012 -0.001954880 0.004776581 0.999986649 9.244934082
0.999992192 0.003071646 0.002513056 -0.030754486 -0.003056011 0.999976099 -0.006202100 -0.160920456 -0.002532047 0.006194370 0.999977589 9.282688141
0.999994516 0.002349920 0.002356814 -0.030473849 -0.002337863 0.999984205 -0.005105663 -0.162262052 -0.002368774 0.005100125 0.999984145 9.318792343
0.999956250 0.008049713 0.004762427 -0.031694718 -0.008028852 0.999958098 -0.004383381 -0.163840652 -0.004797514 0.004344951 0.999979079 9.356227875
0.999929130 0.010785034 0.005040668 -0.031906456 -0.010765191 0.999934137 -0.003947658 -0.165530503 -0.005082913 0.003893114 0.999979556 9.394838333
