0.999989569 -0.002682333 -0.003700495 0.000361020 0.002674643 0.999994278 -0.002081212 -0.000307262 0.003706055 0.002071293 0.999990940 0.040962417
0.999973893 -0.000822485 -0.007177425 -0.001062461 0.000798405 0.999994099 -0.003357199 -0.000719086 0.007180141 0.003351380 0.999968648 0.081968926
0.999929011 -0.001371333 -0.011835974 -0.000895650 0.001310458 0.999985874 -0.005149446 -0.000639200 0.011842867 0.005133572 0.999916673 0.126068056
0.999858320 -0.000196989 -0.016833579 -0.001841900 0.000100501 0.999983490 -0.005732483 -0.001063009 0.016834432 0.005729978 0.999841869 0.170405194
0.999777138 -0.001001649 -0.021089459 -0.003157529 0.000877842 0.999982357 -0.005878976 -0.001596976 0.021094967 0.005859152 0.999760389 0.214370385
0.999673128 0.000615123 -0.025560360 -0.004547869 -0.000794502 0.999975085 -0.007008280 -0.002224820 0.025555413 0.007026297 0.999648631 0.260884732
0.999524355 0.003231689 -0.030668935 -0.006250308 -0.003483573 0.999960542 -0.008163099 -0.002210815 0.030641345 0.008266052 0.999496281 0.306344539
0.999387026 0.003934707 -0.034785725 -0.008419951 -0.004149095 0.999972761 -0.006093091 -0.003206575 0.034760807 0.006233685 0.999376118 0.354801565
0.999233544 0.002917690 -0.039035004 -0.010657737 -0.003056539 0.999989152 -0.003497815 -0.003402058 0.039024372 0.003614447 0.999231637 0.401781559
0.999094129 0.002767839 -0.042463370 -0.012970041 -0.002809511 0.999995649 -0.000921715 -0.003943258 0.042460632 0.001040182 0.999097526 0.450996876
0.998986721 0.004485766 -0.044782639 -0.015912376 -0.004555829 0.999988556 -0.001462569 -0.004503044 0.044775553 0.001665110 0.998995662 0.498083174
0.998917758 0.003983979 -0.046339847 -0.019255605 -0.004062545 0.999990404 -0.001601384 -0.004958292 0.046333015 0.001787909 0.998924375 0.545537353
0.998819351 0.001194190 -0.048564047 -0.020795282 -0.001308911 0.999996364 -0.002330543 -0.005363245 0.048561096 0.002391358 0.998817325 0.597982466
0.998712599 0.000693186 -0.050720830 -0.023193669 -0.000765425 0.999998748 -0.001404841 -0.005888417 0.050719794 0.001441855 0.998711884 0.646872342
0.998681307 -0.000976166 -0.051330034 -0.026495907 0.000877042 0.999997675 -0.001953610 -0.006107902 0.051331833 0.001906015 0.998679817 0.696202159
0.998542547 0.001615111 -0.053944249 -0.029117856 -0.001825804 0.999990940 -0.003856713 -0.007189571 0.053937539 0.003949584 0.998536468 0.751673281
0.998494625 0.002711791 -0.054781742 -0.032617874 -0.003086804 0.999972522 -0.006762121 -0.007681683 0.054761905 0.006921042 0.998475432 0.801512718
0.998419523 0.006585231 -0.055812590 -0.036480255 -0.007051138 0.999941885 -0.008154877 -0.008530594 0.055755649 0.008535529 0.998407960 0.851792812
0.998317838 0.006940188 -0.057562400 -0.039673798 -0.007390614 0.999943674 -0.007615784 -0.009465454 0.057506301 0.008028394 0.998312891 0.909003437
0.998248518 0.006311504 -0.058823701 -0.042993862 -0.006672828 0.999960005 -0.005948066 -0.010303362 0.058783807 0.006330167 0.998250723 0.960769415
0.998125732 0.006705637 -0.060827784 -0.045672785 -0.007015025 0.999963522 -0.004874172 -0.010691479 0.060792867 0.005291744 0.998136401 1.012813568
0.998115540 0.006138882 -0.061055426 -0.049998842 -0.006416046 0.999969959 -0.004344520 -0.012001256 0.061026927 0.004728067 0.998124897 1.070028067
0.997995675 0.005675107 -0.063028485 -0.053134892 -0.006010414 0.999968827 -0.005131588 -0.012678817 0.062997386 0.005500128 0.997998536 1.122669816
0.997961402 0.004395165 -0.063668385 -0.057004068 -0.004801915 0.999969065 -0.006236973 -0.013287015 0.063638993 0.006529988 0.997951627 1.175199866
0.997904480 0.004895372 -0.064517789 -0.060687602 -0.005201103 0.999975979 -0.004571595 -0.013718262 0.064493857 0.004897581 0.997906029 1.233990312
0.997928023 0.005800122 -0.064076506 -0.064557381 -0.005893586 0.999981821 -0.001269704 -0.014340075 0.064067967 0.001644714 0.997944176 1.287344456
0.998016119 0.006912720 -0.062577069 -0.068881489 -0.006793542 0.999974608 0.002117075 -0.014775183 0.062590107 -0.001687756 0.998037875 1.339335442
0.998053610 0.005258549 -0.062139627 -0.071673349 -0.004941661 0.999973953 0.005252207 -0.015118215 0.062165614 -0.004934911 0.998053551 1.400145173
0.998150766 0.006795106 -0.060405228 -0.075574167 -0.006453745 0.999962032 0.005844499 -0.015720470 0.060442641 -0.005443850 0.998156726 1.454183936
0.998226166 0.007310007 -0.059086580 -0.078823231 -0.007144492 0.999969840 0.003012038 -0.016112618 0.059106816 -0.002584551 0.998248219 1.508932471
0.998212874 0.006455526 -0.059408572 -0.080949590 -0.006557918 0.999977410 -0.001528712 -0.016397662 0.059397340 0.001915575 0.998232484 1.563454747
0.998360336 0.006351185 -0.056888517 -0.085903630 -0.006608050 0.999968767 -0.004328249 -0.017141161 0.056859247 0.004697074 0.998371184 1.624953866
0.998444676 0.003601270 -0.055635445 -0.089786157 -0.003813981 0.999985754 -0.003717596 -0.017171167 0.055621266 0.003924006 0.998444259 1.680157185
0.998407722 0.002614316 -0.056349054 -0.092060283 -0.002535926 0.999995768 0.001462600 -0.018234499 0.056352638 -0.001317374 0.998410046 1.736612320
0.998355269 -0.000580342 -0.057328135 -0.095559373 0.000834357 0.999989986 0.004407062 -0.018762633 0.057325002 -0.004447646 0.998345792 1.797107458
0.998231947 -0.007977420 -0.058902122 -0.097851068 0.008211912 0.999959350 0.003740043 -0.019210005 0.058869883 -0.004217131 0.998256862 1.852844119
0.998148143 -0.008855936 -0.060181797 -0.101226717 0.008843895 0.999960840 -0.000466473 -0.019736987 0.060183570 -0.000066632 0.998187244 1.908920288
0.998104692 -0.007973031 -0.061021492 -0.105100095 0.007678272 0.999957740 -0.005063372 -0.019722227 0.061059278 0.004585234 0.998123527 1.963984728
0.997935891 -0.009298594 -0.063541509 -0.108653776 0.009035873 0.999949396 -0.004420737 -0.020933963 0.063579388 0.003837459 0.997969389 2.027068853
0.997891903 -0.009464665 -0.064204536 -0.112614125 0.009287506 0.999952197 -0.003057228 -0.021544645 0.064230390 0.002454482 0.997932017 2.083741665
0.997825146 -0.005868258 -0.065654002 -0.115911886 0.005856951 0.999982774 -0.000364718 -0.022555044 0.065655001 -0.000020608 0.997842312 2.141044617
0.997620463 -0.005447985 -0.068729594 -0.117768750 0.005558785 0.999983490 0.001420930 -0.024101652 0.068720721 -0.001799602 0.997634292 2.199487448
0.997673869 -0.004948459 -0.067987673 -0.125021785 0.005193689 0.999980569 0.003430692 -0.023283632 0.067969397 -0.003775818 0.997680247 2.262435675
0.997650743 -0.005372742 -0.068292059 -0.128893197 0.005851706 0.999959648 0.006815352 -0.024465876 0.068252690 -0.007198967 0.997642100 2.319897890
0.997668326 0.001064047 -0.068240926 -0.133453667 -0.000449623 0.999959230 0.009018468 -0.024521340 0.068247736 -0.008966757 0.997628152 2.376761436
0.997646809 0.001276169 -0.068550788 -0.137350231 -0.000702733 0.999964595 0.008388589 -0.025102945 0.068559065 -0.008320677 0.997612357 2.433144331
0.997667074 -0.000297682 -0.068266824 -0.143226668 0.000756141 0.999977350 0.006689954 -0.024582310 0.068263292 -0.006725965 0.997644603 2.498436451
0.997698367 0.003107790 -0.067737006 -0.148491964 -0.002877559 0.999989748 0.003496214 -0.024363253 0.067747183 -0.003293249 0.997696996 2.555824041
0.997595966 0.002587227 -0.069250010 -0.152204856 -0.002322459 0.999989688 0.003903599 -0.025231130 0.069259398 -0.003733384 0.997591615 2.613589764
0.997518837 -0.000425785 -0.070398025 -0.156151623 0.000824635 0.999983788 0.005636682 -0.025514975 0.070394486 -0.005680748 0.997503042 2.674220800
0.997485161 0.000417349 -0.070874766 -0.160628274 0.000064181 0.999976993 0.006791685 -0.026260627 0.070875965 -0.006779152 0.997462094 2.729624271
0.997364163 0.001790267 -0.072536223 -0.163637906 -0.001584409 0.999994636 0.002895454 -0.026506741 0.072541021 -0.002772895 0.997361541 2.780722618
0.997388721 0.003065632 -0.072155215 -0.169514060 -0.003155874 0.999994338 -0.001136696 -0.027339175 0.072151296 0.001361441 0.997392714 2.846809864
0.997304261 0.003594547 -0.073289737 -0.173285678 -0.003764990 0.999990523 -0.002187599 -0.027845599 0.073281154 0.002457637 0.997308254 2.902666569
0.997368574 0.002942298 -0.072439380 -0.178026795 -0.002890253 0.999995410 0.000823270 -0.028503358 0.072441466 -0.000611735 0.997372329 2.958000660
0.997319281 0.001137424 -0.073164158 -0.181670010 -0.000824939 0.999990463 0.004301082 -0.029466424 0.073168337 -0.004229194 0.997310519 3.012872934
0.997321606 -0.000851675 -0.073137887 -0.186686471 0.001214921 0.999987066 0.004922241 -0.029997319 0.073132761 -0.004997912 0.997309685 3.075206995
0.997273982 -0.004558890 -0.073647372 -0.190491825 0.004851471 0.999980927 0.003794334 -0.030650698 0.073628686 -0.004141288 0.997277081 3.129530907
0.997237265 -0.006877304 -0.073963195 -0.194850296 0.007103628 0.999970794 0.002797353 -0.031693731 0.073941797 -0.003315030 0.997257054 3.185045481
0.997150421 -0.008479456 -0.074960716 -0.198640853 0.008727041 0.999957383 0.002975929 -0.030915052 0.074932285 -0.003621633 0.997182071 3.240224361
0.997021675 -0.011296146 -0.076289669 -0.202571765 0.011841073 0.999907434 0.006694303 -0.030876931 0.076206982 -0.007577716 0.997063220 3.295081139
0.997004867 -0.012252518 -0.076361947 -0.207233638 0.013288996 0.999826074 0.013079902 -0.033119626 0.076188400 -0.014055499 0.996994317 3.355316877
0.997023523 -0.009303520 -0.076534651 -0.211858824 0.010479350 0.999832869 0.014976139 -0.033250030 0.076382533 -0.015733596 0.996954441 3.409603357
0.996905982 -0.009233424 -0.078059487 -0.216771573 0.010101697 0.999891341 0.010735673 -0.032695509 0.077951878 -0.011490989 0.996890843 3.463877201
0.996859550 -0.006571102 -0.078916892 -0.221717894 0.006859973 0.999970615 0.003389903 -0.034061715 0.078892313 -0.003920623 0.996875405 3.515965939
0.996741056 -0.006257019 -0.080423646 -0.225618854 0.006193825 0.999980330 -0.001035179 -0.034632236 0.080428526 0.000533676 0.996760249 3.574125528
0.996678174 -0.001084392 -0.081433736 -0.230150253 0.001050378 0.999999404 -0.000460495 -0.034872156 0.081434183 0.000373429 0.996678710 3.625685215
0.996589661 0.001939785 -0.082492709 -0.234476313 -0.001814678 0.999997199 0.001591563 -0.035203639 0.082495548 -0.001436437 0.996590376 3.676236153
0.996529460 0.005650688 -0.083048686 -0.239636332 -0.005425530 0.999981046 0.002936633 -0.036454208 0.083063699 -0.002475857 0.996541262 3.725387573
0.996410668 0.005236680 -0.084488370 -0.244630113 -0.004954429 0.999981403 0.003550038 -0.037655905 0.084505372 -0.003118704 0.996418059 3.782713652
0.996213257 0.006262238 -0.086716846 -0.247447908 -0.005895941 0.999972582 0.004479542 -0.038233422 0.086742498 -0.003951302 0.996222854 3.829890251
0.996150374 0.007317247 -0.087354593 -0.253428340 -0.006902047 0.999963403 0.005054150 -0.038900957 0.087388389 -0.004431767 0.996164322 3.879109144
0.996060193 0.007473051 -0.088364333 -0.258228391 -0.007044951 0.999961913 0.005155589 -0.039229020 0.088399500 -0.004512754 0.996074796 3.925375462
0.995952129 0.007628418 -0.089560017 -0.262084901 -0.007082512 0.999954402 0.006411634 -0.039909169 0.089604832 -0.005751371 0.995960712 3.969736576
0.995804310 0.010620369 -0.090891033 -0.268176079 -0.009810844 0.999908149 0.009348747 -0.040728644 0.090981975 -0.008417806 0.995816886 4.025287628
0.995702446 0.012021421 -0.091827229 -0.273052603 -0.010845617 0.999852836 0.013292849 -0.040732440 0.091973506 -0.012239799 0.995686233 4.069567204
0.995548785 0.015060199 -0.093036801 -0.278085679 -0.013719623 0.999792874 0.015031965 -0.041119199 0.093243919 -0.013688625 0.995549142 4.113783836
0.995360732 0.017802171 -0.094551004 -0.282408625 -0.016841726 0.999798179 0.010946344 -0.041632302 0.094726808 -0.009303160 0.995459795 4.155932903
0.995194376 0.017724741 -0.096300513 -0.284860492 -0.017482851 0.999841511 0.003355093 -0.041370049 0.096344739 -0.001655363 0.995346606 4.196176052
0.995034039 0.017116489 -0.098052487 -0.290456355 -0.017444491 0.999844730 -0.002488786 -0.041995164 0.097994670 0.004186904 0.995178103 4.246570110
0.995000064 0.018261159 -0.098191157 -0.294917345 -0.018657546 0.999821126 -0.003120111 -0.043324471 0.098116621 0.004936517 0.995162606 4.285266876
0.994891167 0.021065440 -0.098731399 -0.299190193 -0.021143567 0.999776423 0.000255089 -0.043628201 0.098714717 0.001833748 0.995114028 4.323656559
0.994762301 0.021402361 -0.099949025 -0.303040802 -0.021249754 0.999770880 0.002591342 -0.044421032 0.099981591 -0.000453877 0.994989157 4.360877514
0.994792402 0.018054483 -0.100309402 -0.307523131 -0.018271392 0.999832332 -0.001244013 -0.044637147 0.100270122 0.003070327 0.994955480 4.395345688
0.994842052 0.009739110 -0.100968063 -0.310950756 -0.010436254 0.999925256 -0.006378643 -0.045415774 0.100898400 0.007399471 0.994869113 4.439128399
0.995019495 0.005492979 -0.099529289 -0.314477026 -0.006595360 0.999920547 -0.010750297 -0.046383768 0.099462308 0.011353184 0.994976521 4.472342491
0.995293975 0.007892602 -0.096579812 -0.317255735 -0.009061454 0.999890924 -0.011669832 -0.046380781 0.096477151 0.012490067 0.995256782 4.504905701
0.995632708 0.013411737 -0.092388712 -0.320828736 -0.014292658 0.999858499 -0.008879871 -0.047011279 0.092256516 0.010161569 0.995683372 4.537274837
0.996094704 0.011681624 -0.087515265 -0.323675960 -0.012228989 0.999908864 -0.005720960 -0.047619291 0.087440461 0.006768842 0.996146679 4.567960262
0.996514738 0.008010945 -0.083030969 -0.325222015 -0.008126185 0.999966443 -0.001050031 -0.048908800 0.083019771 0.001721096 0.996546388 4.606357098
0.997217655 0.003495358 -0.074462429 -0.327269107 -0.003309232 0.999991119 0.002622836 -0.049831934 0.074470937 -0.002369125 0.997220337 4.636213779
0.997952759 0.007054738 -0.063564077 -0.328903556 -0.006917477 0.999973297 0.002379245 -0.050247621 0.063579164 -0.001934671 0.997974873 4.664936066
0.998745799 0.012258975 -0.048543621 -0.330251157 -0.012183811 0.999924064 0.001844033 -0.050633684 0.048562542 -0.001250273 0.998819411 4.693340778
0.999365926 0.017713245 -0.030889250 -0.331142783 -0.017653463 0.999841750 0.002206971 -0.050954040 0.030923452 -0.001660269 0.999520302 4.726061821
0.999832392 0.016177794 -0.008589868 -0.330631077 -0.016156603 0.999866247 0.002530252 -0.051180989 0.008629657 -0.002391044 0.999959886 4.753252983
0.999761522 0.012588358 0.017850477 -0.328895360 -0.012649610 0.999914467 0.003322706 -0.051523469 -0.017807115 -0.003547714 0.999835074 4.779466629
0.998784244 0.011627324 0.047906712 -0.327177405 -0.011871628 0.999917924 0.004818256 -0.051883481 -0.047846746 -0.005381127 0.998840153 4.804785252
0.996739686 0.011009496 0.079929866 -0.322925359 -0.011589881 0.999909759 0.006800848 -0.052845407 -0.079847783 -0.007705052 0.996777236 4.833666325
0.992968976 0.011499094 0.117815301 -0.319059491 -0.012388580 0.999900103 0.006820246 -0.052704155 -0.117725082 -0.008231856 0.993012011 4.857918262
0.987126231 0.011311771 0.159542695 -0.314283609 -0.012532116 0.999899447 0.006644907 -0.053108212 -0.159451485 -0.008558770 0.987168610 4.881350040
0.978682399 0.010426471 0.205114603 -0.308105111 -0.012281225 0.999894381 0.007771509 -0.054500215 -0.205011874 -0.010124896 0.978707135 4.904608250
0.967422426 0.012866592 0.252840549 -0.298990250 -0.014594704 0.999881148 0.004960354 -0.054354835 -0.252746701 -0.008488889 0.967495263 4.930477619
0.951981604 0.013867361 0.305840909 -0.290384889 -0.015169198 0.999883175 0.001880245 -0.054761194 -0.305779070 -0.006429317 0.952080727 4.951811790
0.932244003 0.013607881 0.361574411 -0.280663490 -0.014659488 0.999892473 0.000165385 -0.055477001 -0.361533314 -0.005454673 0.932343304 4.971826077
0.908085227 0.013617167 0.418563902 -0.269509792 -0.014299632 0.999896646 -0.001506279 -0.055981994 -0.418541133 -0.004617479 0.908186078 4.991176605
0.878720641 0.014874770 0.477104515 -0.255544662 -0.014488705 0.999884903 -0.004488606 -0.055870652 -0.477116466 -0.002968397 0.878835082 5.013884068
0.844953895 0.013733937 0.534662902 -0.242206812 -0.012052362 0.999905288 -0.006637734 -0.056368567 -0.534703553 -0.000835370 0.845039427 5.031434059
0.808009088 0.013441960 0.589016557 -0.227373123 -0.010452599 0.999909341 -0.008480148 -0.056620169 -0.589077353 0.000695283 0.808076441 5.047862530
0.767694354 0.012386016 0.640696466 -0.211602449 -0.009952418 0.999923050 -0.007405456 -0.057346169 -0.640738964 -0.000691350 0.767758548 5.063852310
0.726429820 0.011440648 0.687145472 -0.192297220 -0.010782581 0.999928057 -0.005249307 -0.057899766 -0.687156081 -0.003595948 0.726500869 5.078892231
0.681495667 0.010843509 0.731741905 -0.174714327 -0.009519137 0.999936938 -0.005952338 -0.057848379 -0.731760323 -0.002909058 0.681555808 5.091863632
0.634477377 0.009674425 0.772880852 -0.156537771 -0.006843012 0.999952853 -0.006899163 -0.058522187 -0.772911072 -0.000911471 0.634513557 5.104033947
0.587800503 0.007012380 0.808975577 -0.137498856 -0.000032161 0.999962568 -0.008644531 -0.058520995 -0.809005857 0.005055241 0.587778747 5.114454746
0.540943444 0.008237272 0.841018677 -0.116050005 -0.003067476 0.999964714 -0.007821055 -0.060343504 -0.841053307 0.001650944 0.540949583 5.125591755
0.493785977 0.011503080 0.869507313 -0.096528530 -0.007087474 0.999932587 -0.009203614 -0.060839780 -0.869554460 -0.001617994 0.493834257 5.134743690
0.449141920 0.013844559 0.893353224 -0.076299191 -0.007747367 0.999902666 -0.011600726 -0.061311141 -0.893426836 -0.001710763 0.449205428 5.142171860
0.406853646 0.011526833 0.913420618 -0.056140184 -0.000866369 0.999924839 -0.012232570 -0.061712816 -0.913492858 0.004185507 0.406832993 5.148557186
0.366089761 0.002957916 0.930574775 -0.031656981 0.014861270 0.999848843 -0.009024561 -0.062374726 -0.930460870 0.017133323 0.365990490 5.155818939
0.330587566 -0.000550504 0.943775177 -0.010598898 0.019225031 0.999796271 -0.006151004 -0.062380888 -0.943579555 0.020177552 0.330530763 5.161072254
0.298043072 0.003212513 0.954546928 0.010992408 0.016363144 0.999830127 -0.008474061 -0.063110031 -0.954412162 0.018145023 0.297939897 5.166193962
0.265748113 0.010578342 0.963984430 0.032111406 0.005424426 0.999907553 -0.012467937 -0.063978747 -0.964027286 0.008542392 0.265666127 5.172583580
0.237781838 0.015648574 0.971192479 0.059602499 0.000258626 0.999869108 -0.016173959 -0.064970143 -0.971318543 0.004097049 0.237746671 5.178964615
0.211606100 0.017451268 0.977199316 0.082619429 0.001558691 0.999833167 -0.018193007 -0.065790109 -0.977353811 0.005372900 0.211543605 5.182974815
0.188967675 0.018488800 0.981809199 0.108769894 0.009354186 0.999743462 -0.020626916 -0.066594906 -0.981938720 0.013081844 0.188746244 5.185966015
0.169064015 0.024664128 0.985296369 0.133357346 0.015377799 0.999499023 -0.027658286 -0.066882566 -0.985485017 0.019827709 0.168600082 5.188446522
0.150704488 0.030971128 0.988093555 0.158217251 0.017740564 0.999263465 -0.034027040 -0.066927999 -0.988419652 0.022657366 0.150044054 5.190124989
0.131524116 0.032450665 0.990781605 0.188628793 0.016020715 0.999263942 -0.034855191 -0.067362063 -0.991183519 0.020457329 0.130907401 5.195241928
0.115819030 0.028030155 0.992874742 0.215855360 0.014724324 0.999443412 -0.029933190 -0.068848699 -0.993161261 0.018086240 0.115341842 5.198412895
0.100396618 0.024451669 0.994646966 0.242953897 0.014760949 0.999551356 -0.026062157 -0.070058376 -0.994837940 0.017298484 0.099990636 5.201200962
0.088351622 0.022342211 0.995838702 0.276805758 0.016681015 0.999575019 -0.023905987 -0.071208835 -0.995949626 0.018723736 0.087941386 5.202910900
0.076525718 0.021890949 0.996827245 0.306424767 0.020222276 0.999519229 -0.023502514 -0.072037660 -0.996862471 0.021956664 0.076046243 5.204519272
0.065795802 0.022390246 0.997581959 0.338206977 0.023734711 0.999430299 -0.023997162 -0.072763488 -0.997550786 0.025256230 0.065226875 5.206567764
0.058623448 0.022698039 0.998022079 0.373894960 0.025059979 0.999392927 -0.024201233 -0.073897690 -0.997965515 0.026429171 0.058019038 5.207783222
0.052466877 0.022863576 0.998360932 0.407012999 0.027015496 0.999339461 -0.024305729 -0.075009659 -0.998257220 0.028246459 0.051814537 5.209634781
0.046960533 0.024676345 0.998591900 0.442242682 0.029577019 0.999222159 -0.026082832 -0.075381085 -0.998458683 0.030760236 0.046194144 5.211045265
0.041422088 0.024631456 0.998838067 0.482052743 0.028717194 0.999253690 -0.025832616 -0.077186540 -0.998728931 0.029753873 0.040683828 5.212168694
0.036934443 0.025168629 0.999000669 0.518571317 0.030658001 0.999183655 -0.026306709 -0.077839367 -0.998847246 0.031598989 0.036132667 5.213533401
0.033616189 0.024924649 0.999123931 0.558046103 0.032568291 0.999130726 -0.026020598 -0.079163298 -0.998904109 0.033414472 0.032775208 5.214986801
0.031071510 0.024366917 0.999220133 0.600827754 0.033603348 0.999112129 -0.025409210 -0.080636226 -0.998952091 0.034366645 0.030225115 5.215739250
0.028617164 0.023904080 0.999304652 0.640556812 0.035129115 0.999072373 -0.024904521 -0.081696667 -0.998973012 0.035817385 0.027750891 5.216902256
0.028125180 0.023351490 0.999331653 0.681804419 0.039386563 0.998924792 -0.024450479 -0.082977116 -0.998828113 0.040047921 0.027175203 5.217395782
0.029299337 0.023247145 0.999300301 0.729500353 0.044006202 0.998730183 -0.024524136 -0.083928287 -0.998601496 0.044693947 0.028239112 5.218019485
0.031778730 0.023277836 0.999223828 0.772791624 0.045664463 0.998650968 -0.024716781 -0.085264996 -0.998451233 0.046414472 0.030672897 5.219313145
0.034614444 0.024120826 0.999109566 0.815798759 0.047102764 0.998558223 -0.025739409 -0.085495166 -0.998290062 0.047951780 0.033428386 5.222133636
0.039863531 0.023021635 0.998939872 0.862470150 0.048069604 0.998532832 -0.024930511 -0.087809362 -0.998048127 0.049012464 0.038698398 5.222831249
0.043748949 0.020975022 0.998822391 0.916697383 0.049529355 0.998504639 -0.023137765 -0.089599602 -0.997814059 0.050483271 0.042644646 5.225254059
0.047485717 0.019529672 0.998681009 0.963022351 0.048819456 0.998568594 -0.021848766 -0.090870291 -0.997678220 0.049792562 0.046464317 5.227621555
0.051400274 0.017128546 0.998531282 1.010642409 0.045902237 0.998755693 -0.019495253 -0.092612296 -0.997622669 0.046836864 0.050550077 5.231057167
0.055722587 0.015990933 0.998318255 1.059546709 0.045351524 0.998799324 -0.018530000 -0.094139487 -0.997415721 0.046307791 0.054930460 5.233876705
0.059437398 0.016925143 0.998088539 1.117405891 0.042541433 0.998904884 -0.019472381 -0.095524721 -0.997325122 0.043617502 0.058652278 5.237861156
0.062411927 0.020859914 0.997832477 1.165977001 0.040176369 0.998918533 -0.023395553 -0.097335711 -0.997241497 0.041549437 0.061506346 5.241257191
0.064036243 0.026262043 0.997601986 1.214745283 0.034666538 0.998991787 -0.028523883 -0.098808661 -0.997345328 0.036409959 0.063061260 5.244918346
0.063888364 0.029339597 0.997525692 1.264105678 0.031964563 0.998994648 -0.031430032 -0.100545779 -0.997445047 0.033893477 0.062886305 5.248240471
0.064383730 0.029250532 0.997496486 1.314500690 0.029485907 0.999078155 -0.031200092 -0.102272630 -0.997489393 0.031420872 0.063461900 5.251622677
0.063904598 0.027238971 0.997584105 1.377883673 0.025882304 0.999245882 -0.028942345 -0.105208874 -0.997620285 0.027669320 0.063151419 5.256504059
0.063793935 0.025850367 0.997628212 1.426995397 0.027160196 0.999249160 -0.027629139 -0.107082844 -0.997593403 0.028858345 0.063043937 5.259854794
0.064005047 0.024790516 0.997641623 1.476572752 0.024205666 0.999358714 -0.026386131 -0.109870434 -0.997655988 0.025837420 0.063363932 5.263734818
0.064496115 0.025569322 0.997590303 1.527322412 0.022771167 0.999373674 -0.027087230 -0.111383915 -0.997658074 0.024463315 0.063873485 5.266757965
0.064720437 0.025763802 0.997570753 1.576794982 0.020205796 0.999427915 -0.027122675 -0.113669544 -0.997698903 0.021912104 0.064162828 5.270115376
0.062763624 0.027063623 0.997661412 1.638519168 0.016529029 0.999466896 -0.028152460 -0.116652228 -0.997891426 0.018257326 0.062282845 5.275992393
0.059810612 0.026859850 0.997848392 1.688345194 0.012955656 0.999532759 -0.027681753 -0.118501298 -0.998125613 0.014583442 0.059434690 5.279418468
0.056261014 0.025471399 0.998091161 1.737157345 0.011547668 0.999590993 -0.026160605 -0.120300204 -0.998349249 0.012997448 0.055943865 5.282397747
0.051063441 0.023330072 0.998422861 1.787417412 0.009700322 0.999668300 -0.023855289 -0.121892966 -0.998648167 0.010903156 0.050820194 5.285555840
0.045217078 0.021498412 0.998745918 1.837772250 0.009175445 0.999717236 -0.021934733 -0.123177834 -0.998935044 0.010155763 0.045007043 5.288197041
0.037254363 0.021606736 0.999072134 1.899604440 0.006415545 0.999740481 -0.021860415 -0.126433998 -0.999285102 0.007223990 0.037106074 5.290922165
0.028727327 0.022701167 0.999329448 1.948792458 0.006891358 0.999713838 -0.022907997 -0.128039628 -0.999563456 0.007544822 0.028562658 5.292188168
0.018499145 0.022973966 0.999564826 1.996522546 0.006910793 0.999709129 -0.023105180 -0.130031005 -0.999804914 0.007335211 0.018334989 5.293524265
0.008573204 0.022205768 0.999716520 2.047749519 0.009648445 0.999705076 -0.022288252 -0.131867543 -0.999916613 0.009836795 0.008356422 5.294158459
-0.002127416 0.020894058 0.999779403 2.103780031 0.006893696 0.999758303 -0.020878946 -0.133836269 -0.999973893 0.006847758 -0.002270944 5.293307304
-0.013623799 0.019795254 0.999711156 2.152434826 0.007947268 0.999774635 -0.019688204 -0.135915965 -0.999875546 0.007676745 -0.013778051 5.293112278
-0.024746837 0.020250404 0.999488592 2.201295614 0.008892585 0.999759793 -0.020035721 -0.137522042 -0.999654114 0.008392217 -0.024920972 5.292666912
-0.035669800 0.021139236 0.999139965 2.249142885 0.009281121 0.999740124 -0.020820595 -0.139092624 -0.999320447 0.008530475 -0.035856724 5.291143894
-0.045815308 0.022208223 0.998703003 2.304216146 0.008444174 0.999725699 -0.021843594 -0.140943080 -0.998914182 0.007432451 -0.045990277 5.287102699
-0.056580421 0.022429867 0.998146057 2.350112915 0.006620266 0.999734044 -0.022090279 -0.144101799 -0.998376071 0.005358114 -0.056713868 5.284261703
-0.065520823 0.023697356 0.997569799 2.396634102 0.010167396 0.999682009 -0.023079727 -0.144176975 -0.997799456 0.008630484 -0.065740928 5.280610561
-0.075577036 0.023898106 0.996853590 2.442770958 0.010708000 0.999674618 -0.023153901 -0.146228865 -0.997082472 0.008924404 -0.075808324 5.277913570
-0.085369997 0.024791216 0.996040702 2.499164581 0.011372570 0.999649525 -0.023906300 -0.147770375 -0.996284366 0.009286663 -0.085622028 5.274571419
-0.094169013 0.024667433 0.995250583 2.543218613 0.012778647 0.999640644 -0.023567146 -0.149212852 -0.995474160 0.010498661 -0.094450384 5.270772934
-0.101420984 0.023630831 0.994562924 2.586630821 0.013695983 0.999656320 -0.022355197 -0.150618747 -0.994749248 0.011354230 -0.101709768 5.265617371
-0.106734291 0.021651456 0.994051754 2.632799864 0.017045982 0.999655843 -0.019943235 -0.152827516 -0.994141400 0.014815964 -0.107066624 5.260356903
-0.110368624 0.020606577 0.993677080 2.686673164 0.020491943 0.999619722 -0.018453760 -0.153663352 -0.993679464 0.018325657 -0.110748947 5.255078316
-0.113196731 0.019418404 0.993382812 2.730011463 0.022063758 0.999611557 -0.017025983 -0.155675784 -0.993327677 0.019990472 -0.113581195 5.250225067
-0.115037799 0.018411580 0.993190467 2.772261143 0.022544451 0.999619067 -0.015919510 -0.157132387 -0.993105292 0.020559587 -0.115409061 5.245980263
-0.115619704 0.019243412 0.993107140 2.813280106 0.022934001 0.999597609 -0.016699150 -0.157489181 -0.993028760 0.020845169 -0.116014510 5.241004944
-0.115040116 0.020165922 0.993156135 2.852962732 0.024172092 0.999554753 -0.017495923 -0.159141585 -0.993066669 0.021993931 -0.115476362 5.236636162
-0.111760713 0.021790555 0.993496239 2.898090839 0.024838889 0.999508440 -0.019128235 -0.160829350 -0.993424773 0.022539556 -0.112247027 5.230610847
-0.106063336 0.022326598 0.994108856 2.934529781 0.025080664 0.999489844 -0.019771550 -0.161996216 -0.994042993 0.022835867 -0.106569216 5.226211071
-0.098612316 0.023212491 0.994855165 2.971536636 0.024141494 0.999489427 -0.020927662 -0.163342282 -0.994833052 0.021953564 -0.099122353 5.223636627
-0.087342963 0.022895020 0.995915234 3.005928993 0.023228398 0.999510825 -0.020940518 -0.164817795 -0.995907485 0.021304509 -0.087832071 5.220570564
-0.073524445 0.023383131 0.997019351 3.039600134 0.023168394 0.999495327 -0.021732666 -0.165585786 -0.997024298 0.021501450 -0.074029095 5.218413830
-0.056241911 0.025255682 0.998097658 3.079723597 0.022683706 0.999454319 -0.024011802 -0.166960329 -0.998159468 0.021290088 -0.056784101 5.217013836
-0.035319041 0.027091052 0.999008775 3.110849142 0.019344959 0.999463797 -0.026419464 -0.169444203 -0.999188900 0.018392675 -0.035824165 5.217116833
-0.010195408 0.030868670 0.999471486 3.143383503 0.018690689 0.999354720 -0.030674405 -0.169885486 -0.999773264 0.018368071 -0.010765780 5.217109203
0.018210463 0.032541685 0.999304414 3.173457623 0.016482571 0.999324620 -0.032842707 -0.171210051 -0.999698281 0.017069189 0.017661802 5.218595505
0.050960243 0.031182744 0.998213708 3.204650640 0.013182642 0.999404430 -0.031892929 -0.173629552 -0.998613715 0.014784368 0.050518822 5.222352982
0.089495882 0.028759478 0.995571852 3.241321564 0.012920550 0.999465346 -0.030033430 -0.175131381 -0.995903373 0.015551204 0.089076445 5.225624084
0.131421700 0.025076287 0.991009295 3.271358967 0.010709034 0.999585688 -0.026713472 -0.176673412 -0.991268694 0.014123483 0.131098717 5.231860161
0.177047268 0.020279843 0.983993292 3.300194740 0.007889879 0.999726236 -0.022023704 -0.178204492 -0.984170735 0.011662824 0.176838800 5.237939835
0.225859523 0.017230369 0.974007428 3.330157280 0.003138440 0.999825478 -0.018414859 -0.179384038 -0.974154890 0.007216035 0.225766003 5.246270657
0.277243614 0.015867624 0.960668564 3.358137131 -0.000428516 0.999865532 -0.016391383 -0.180717796 -0.960799634 0.004132744 0.277213126 5.256236076
0.331391990 0.015579701 0.943364501 3.392083168 -0.001416906 0.999870718 -0.016015166 -0.181334227 -0.943491995 0.003970638 0.331371188 5.270003796
0.389639318 0.015596484 0.920835435 3.418830156 0.001107826 0.999847949 -0.017403506 -0.182575390 -0.920966804 0.007801216 0.389562756 5.282868385
0.450514108 0.018514968 0.892577350 3.443417788 0.001603681 0.999766529 -0.021547861 -0.184065446 -0.892767787 0.011139022 0.450379193 5.296237469
0.507408619 0.023162043 0.861394167 3.469286919 0.003067638 0.999583781 -0.028684832 -0.183950305 -0.861700118 0.017197372 0.507126272 5.316338539
0.564473987 0.027710373 0.824985564 3.491235256 -0.001535728 0.999469936 -0.032520324 -0.184840322 -0.825449467 0.017089920 0.564217150 5.335344315
0.620466113 0.030569691 0.783637285 3.512434483 -0.005297563 0.999380529 -0.034791347 -0.185637638 -0.784215391 0.017435484 0.620243609 5.355224133
0.673352897 0.032094598 0.738624394 3.531385899 -0.007287815 0.999296844 -0.036777515 -0.186424345 -0.739285290 0.019381277 0.673113227 5.376390934
0.721947253 0.028606419 0.691356540 3.550236940 -0.006551448 0.999382794 -0.034510374 -0.188164845 -0.691917062 0.020385278 0.721689105 5.399780750
0.766153455 0.024189550 0.642202199 3.566214800 -0.007471204 0.999559045 -0.028736735 -0.189675733 -0.642614186 0.017218726 0.765996456 5.424539089
0.809893250 0.026359638 0.585984707 3.583564043 -0.012664139 0.999542594 -0.027459735 -0.186590284 -0.586440563 0.014818463 0.809856713 5.448323727
0.846214890 0.018712465 0.532513022 3.595383883 -0.012106032 0.999800384 -0.015895240 -0.190141529 -0.532704175 0.007004170 0.846272528 5.474313736
0.877501965 0.013324738 0.479387790 3.607527733 -0.010896684 0.999909818 -0.007846828 -0.191516161 -0.479449183 0.001661869 0.877568126 5.502002716
0.902809680 0.015110008 0.429774702 3.618400335 -0.015152771 0.999879658 -0.003322959 -0.191463202 -0.429773211 -0.003512277 0.902930021 5.531438828
0.923279345 0.016529573 0.383773386 3.628022194 -0.018926924 0.999817848 0.002470933 -0.193438232 -0.383662581 -0.009545010 0.923423946 5.561376572
0.938340902 0.021288717 0.345055163 3.636158943 -0.024371518 0.999692380 0.004598171 -0.193484485 -0.344851196 -0.012724170 0.938571155 5.592798710
0.950785697 0.027791584 0.308600426 3.640748978 -0.030244635 0.999537468 0.003167315 -0.193026990 -0.308369726 -0.012344943 0.951186478 5.612284660
0.960196495 0.029352648 0.277778566 3.648730755 -0.031442747 0.999500751 0.003071594 -0.192884684 -0.277549803 -0.011683455 0.960640311 5.644301414
0.966389775 0.024142297 0.255945355 3.656939507 -0.025918562 0.999657631 0.003568736 -0.193271130 -0.255771607 -0.010082527 0.966684699 5.676733017
0.970342040 0.020902384 0.240830958 3.664794922 -0.022533180 0.999738038 0.004019326 -0.193452269 -0.240683883 -0.009326807 0.970558763 5.710007668
0.973165154 0.023221210 0.228933007 3.671291351 -0.024748176 0.999686420 0.003800821 -0.193554938 -0.228772968 -0.009364500 0.973434806 5.744771957
0.975462198 0.029281233 0.218211323 3.679262161 -0.030746523 0.999521673 0.003321747 -0.192445904 -0.218009725 -0.009949477 0.975895941 5.779082298
0.976858139 0.035757434 0.210878223 3.687712669 -0.036918543 0.999316931 0.001570394 -0.192116991 -0.210678056 -0.009319368 0.977511048 5.815590382
0.976928234 0.042904124 0.209214568 3.686984062 -0.043719687 0.999043465 -0.000726990 -0.193370372 -0.209045649 -0.008436578 0.977869451 5.833492279
0.976985216 0.044441771 0.208625779 3.694685459 -0.044714071 0.998993993 -0.003413114 -0.194085002 -0.208567575 -0.005993946 0.977989614 5.870994568
0.976362646 0.041922640 0.212034121 3.702529907 -0.041113205 0.999120533 -0.008226844 -0.193332806 -0.212192535 -0.000685021 0.977227628 5.909096718
0.975126922 0.041878488 0.217654705 3.709585190 -0.039853651 0.999111652 -0.013686473 -0.194806039 -0.218034536 0.004671713 0.975929856 5.950698853
0.974140286 0.041304462 0.222136483 3.718684673 -0.037908886 0.999090314 -0.019529961 -0.194128782 -0.222741038 0.010603975 0.974820018 5.990452290
0.973697066 0.046758089 0.222997338 3.726262569 -0.043933976 0.998879313 -0.017611412 -0.195901781 -0.223570839 0.007351023 0.974659920 6.009907722
0.972370744 0.048375729 0.228374973 3.735877991 -0.046022050 0.998818219 -0.015623761 -0.194650948 -0.228860885 0.004681803 0.973447859 6.051913738
0.970903993 0.046523925 0.234906495 3.744574547 -0.045591000 0.998915911 -0.009403744 -0.197323680 -0.235089302 -0.001579491 0.971972466 6.095209599
0.970166922 0.040937979 0.238956571 3.755579472 -0.040841211 0.999151230 -0.005358472 -0.196683168 -0.238973096 -0.004560666 0.971015513 6.141007900
0.969286680 0.039775379 0.242696270 3.767362118 -0.040965818 0.999160469 -0.000141624 -0.197990686 -0.242498189 -0.009804978 0.970102310 6.182528496
0.969148874 0.035336342 0.243929967 3.774424076 -0.036894482 0.999317467 0.001820270 -0.199081004 -0.243699178 -0.010763782 0.969791055 6.205940723
0.969045520 0.032229718 0.244769618 3.785626650 -0.032792620 0.999460578 -0.001776330 -0.199172482 -0.244694859 -0.006305293 0.969579577 6.250903130
0.969194829 0.031254608 0.244304210 3.797813654 -0.030023437 0.999510705 -0.008762692 -0.199772343 -0.244458556 0.001157907 0.969658971 6.298075676
0.969185770 0.034391642 0.243918389 3.808714151 -0.031631790 0.999383628 -0.015223817 -0.200630367 -0.244291618 0.007039134 0.969676256 6.344977379
0.969788849 0.037578478 0.241033971 3.820318699 -0.033991408 0.999241054 -0.019024171 -0.201069474 -0.241565928 0.010256345 0.970330119 6.392625809
0.970600843 0.035604641 0.238046989 3.826439619 -0.033131011 0.999347448 -0.014385516 -0.201622009 -0.238403872 0.006075858 0.971147120 6.416431904
0.970961154 0.031523187 0.237151131 3.838001251 -0.030732103 0.999502897 -0.007032805 -0.202454343 -0.237254933 -0.000459573 0.971447289 6.466468811
0.971670032 0.031239603 0.234267637 3.850793600 -0.031911913 0.999490261 -0.000921255 -0.203433216 -0.234177023 -0.006580774 0.972171724 6.517953396
0.971990705 0.035335552 0.232348263 3.858789444 -0.035940375 0.999352634 -0.001631093 -0.203849062 -0.232255459 -0.006765275 0.972631276 6.552855968
0.972276449 0.040883917 0.230232775 3.870345831 -0.040426098 0.999160051 -0.006707267 -0.204185545 -0.230313554 -0.002786096 0.973112404 6.605115891
0.973199546 0.041961353 0.226101577 3.882752419 -0.040310133 0.999116182 -0.011917049 -0.204717785 -0.226401791 0.002483483 0.974030793 6.657579422
0.974041998 0.040525824 0.222710609 3.894078255 -0.038136892 0.999159694 -0.015018751 -0.205430418 -0.223132089 0.006135399 0.974768877 6.712139130
0.975120127 0.037979539 0.218399435 3.901299238 -0.036010563 0.999266922 -0.012990293 -0.206526741 -0.218732670 0.004802410 0.975772977 6.742794991
0.976110637 0.033965714 0.214602843 3.914480448 -0.032307692 0.999414861 -0.011229864 -0.207330912 -0.214858681 0.004028267 0.976636827 6.797788620
0.976440907 0.033138506 0.213225350 3.926287174 -0.032073613 0.999449670 -0.008452486 -0.208234474 -0.213388145 0.001414445 0.976966500 6.852681160
0.976818025 0.029627459 0.212012112 3.934278488 -0.029076958 0.999560833 -0.005714595 -0.209291473 -0.212088317 -0.000582546 0.977250278 6.892866135
0.977034092 0.025082009 0.211602494 3.946894169 -0.024714533 0.999684989 -0.004381666 -0.210166737 -0.211645722 -0.000948620 0.977345943 6.949672222
0.977174103 0.025225999 0.210937396 3.959594488 -0.025187900 0.999678671 -0.002867814 -0.210973725 -0.210941926 -0.002510716 0.977495313 7.006976128
0.976887584 0.031023111 0.211490527 3.966933966 -0.030688237 0.999517143 -0.004866294 -0.211470708 -0.211539403 -0.001736450 0.977367938 7.046380997
0.976682365 0.036641099 0.211539790 3.979397297 -0.035635211 0.999328136 -0.008566736 -0.211879790 -0.211711586 0.000828716 0.977331877 7.103748798
0.976081729 0.045452986 0.212599307 3.990987301 -0.044300854 0.998966277 -0.010182304 -0.212731302 -0.212842360 0.000520431 0.977086484 7.162841320
0.975118935 0.051561356 0.215602487 3.998797417 -0.050775174 0.998667896 -0.009187429 -0.213856682 -0.215789005 -0.001988419 0.976437926 7.202355385
0.974318802 0.053971730 0.218608841 4.011555672 -0.053717401 0.998530865 -0.007111150 -0.215311497 -0.218671486 -0.004814572 0.975786626 7.261114120
0.973758996 0.054506112 0.220957980 4.024939537 -0.054026492 0.998505712 -0.008218211 -0.216004968 -0.221075729 -0.003935029 0.975248635 7.320357800
0.973381460 0.052633684 0.223065630 4.033392906 -0.051471341 0.998613596 -0.011025735 -0.216695026 -0.223336667 -0.000749240 0.974741042 7.360554695
0.973353207 0.046487827 0.224549636 4.047367096 -0.045474760 0.998918474 -0.009684070 -0.217963278 -0.224756986 -0.000785321 0.974414527 7.419881821
0.973642707 0.039934646 0.224555850 4.061993599 -0.038359266 0.999199271 -0.011375593 -0.219047695 -0.224830359 0.002461964 0.974394858 7.478970528
0.973394871 0.038902018 0.225807503 4.076114178 -0.037322532 0.999239802 -0.011261288 -0.220793068 -0.226073965 0.002533972 0.974106789 7.538362980
0.972933471 0.040912878 0.227434888 4.089384079 -0.040057089 0.999162257 -0.008379193 -0.221959308 -0.227587178 -0.000957984 0.973757207 7.597183228
0.972513437 0.043711107 0.228707314 4.094622612 -0.044349842 0.999013245 -0.002348725 -0.222553968 -0.228584290 -0.007858966 0.973492324 7.623361111
0.972099662 0.047036353 0.229803950 4.107748508 -0.048698463 0.998812318 0.001563383 -0.223537028 -0.229457468 -0.012710862 0.973235607 7.681741238
0.971971989 0.045760859 0.230600640 4.122236252 -0.045876697 0.998935223 -0.004862470 -0.224635899 -0.230577618 -0.005853013 0.973036349 7.740653038
0.972393036 0.041975010 0.229542941 4.137181759 -0.038538735 0.999068141 -0.019434690 -0.225698918 -0.230144784 0.010051860 0.973104477 7.797148705
0.972636759 0.039337002 0.228976965 4.151463985 -0.033672534 0.999023795 -0.028594401 -0.226958409 -0.229878217 0.020101726 0.973011792 7.855623722
0.972842932 0.036696237 0.228538871 4.156071663 -0.033232335 0.999267220 -0.018988064 -0.227834493 -0.229068205 0.010877522 0.973349571 7.881394386
0.973323464 0.030431531 0.227410063 4.170750618 -0.031672265 0.999496639 0.001807954 -0.229389086 -0.227240607 -0.008962315 0.973797381 7.940961838
0.973540902 0.026332209 0.226990640 4.183782578 -0.030891238 0.999385715 0.016555076 -0.230369121 -0.226415277 -0.023129061 0.973756194 8.000348091
