0.999990284 -0.002624235 -0.003517311 0.000094034 0.002616776 0.999994278 -0.002123716 -0.000345555 0.003522865 0.002114492 0.999991536 0.042547856
0.999969721 -0.001461305 -0.007650460 -0.000411769 0.001435592 0.999993265 -0.003365307 -0.000896837 0.007655326 0.003354223 0.999965072 0.086104400
0.999934494 -0.001437090 -0.011351782 -0.001419037 0.001381210 0.999986887 -0.004928800 -0.001041983 0.011358716 0.004912799 0.999923468 0.130475834
0.999871671 0.000075653 -0.016018342 -0.002873279 -0.000165170 0.999984264 -0.005587149 -0.001311129 0.016017668 0.005589077 0.999856114 0.174963430
0.999790132 -0.000788483 -0.020468732 -0.004079498 0.000675154 0.999984384 -0.005543013 -0.002048096 0.020472782 0.005528030 0.999775112 0.222645834
0.999679327 0.000566041 -0.025315475 -0.005105754 -0.000744283 0.999975026 -0.007031970 -0.002277923 0.025310861 0.007048558 0.999654770 0.268571109
0.999552190 0.003347428 -0.029735228 -0.007785624 -0.003565918 0.999966979 -0.007297869 -0.003173265 0.029709820 0.007400635 0.999531090 0.317042232
0.999427795 0.003835578 -0.033604763 -0.010101720 -0.004020250 0.999977171 -0.005429563 -0.003921476 0.033583172 0.005561556 0.999420404 0.365280569
0.999241292 0.002682132 -0.038853828 -0.011647554 -0.002798341 0.999991775 -0.002936833 -0.004119112 0.038845632 0.003043331 0.999240577 0.415973604
0.999123156 0.002815226 -0.041771162 -0.014574789 -0.002823316 0.999996066 -0.000134690 -0.004791919 0.041770611 0.000252504 0.999127209 0.464543164
0.999004185 0.004069081 -0.044430342 -0.017332423 -0.004115064 0.999991119 -0.000943521 -0.005332463 0.044426102 0.001125415 0.999012053 0.515532136
0.998913050 0.003434330 -0.046486329 -0.020145442 -0.003483665 0.999993503 -0.000980294 -0.005840080 0.046482656 0.001141171 0.998918414 0.565788507
0.998832762 0.000436616 -0.048299827 -0.022308571 -0.000511390 0.999998689 -0.001535780 -0.006205990 0.048299085 0.001558687 0.998831809 0.616834164
0.998742282 -0.000155147 -0.050138127 -0.025136176 0.000130044 1.000000000 -0.000503930 -0.006592928 0.050138190 0.000496776 0.998742163 0.667844296
0.998661995 -0.001438669 -0.051693551 -0.028077945 0.001387820 0.999998629 -0.001019530 -0.006968869 0.051694941 0.000946424 0.998662591 0.720631003
0.998587251 0.001029033 -0.053127490 -0.031745329 -0.001173362 0.999995708 -0.002685518 -0.008142823 0.053124502 0.002744062 0.998584151 0.772933722
0.998538077 0.001754143 -0.054024067 -0.035026442 -0.002089241 0.999978960 -0.006146895 -0.007905372 0.054012150 0.006250779 0.998520732 0.825850964
0.998384118 0.005352422 -0.056573614 -0.038133074 -0.005788948 0.999954700 -0.007554995 -0.009030274 0.056530621 0.007870288 0.998369813 0.881074905
0.998329580 0.006024571 -0.057462081 -0.041848991 -0.006410905 0.999958098 -0.006541322 -0.010508772 0.057420257 0.006898779 0.998326242 0.935131252
0.998274148 0.004876473 -0.058525078 -0.045151670 -0.005203357 0.999971807 -0.005434296 -0.010648287 0.058496922 0.005729444 0.998271108 0.988769710
0.998165488 0.005785225 -0.060268156 -0.049048621 -0.006064219 0.999971688 -0.004447322 -0.011024425 0.060240731 0.004804643 0.998172224 1.045154810
0.998167038 0.004881108 -0.060322542 -0.053644188 -0.005095958 0.999981225 -0.003408344 -0.012486222 0.060304780 0.003709498 0.998173058 1.099791169
0.998016655 0.005189112 -0.062736213 -0.056781478 -0.005475338 0.999975324 -0.004391291 -0.013046641 0.062711880 0.004726083 0.998020470 1.154919624
0.997958839 0.003959279 -0.063738309 -0.060001504 -0.004336024 0.999973953 -0.005773572 -0.013382534 0.063713796 0.006038158 0.997949898 1.210606694
0.997922838 0.003521105 -0.064325720 -0.063809521 -0.003758272 0.999986649 -0.003566339 -0.014438059 0.064312294 0.003800686 0.997922599 1.266676784
0.997904837 0.005008170 -0.064507425 -0.067337528 -0.005069206 0.999986887 -0.000782527 -0.014642192 0.064502664 0.001107889 0.997916937 1.322478056
0.997906744 0.005804294 -0.064410597 -0.070889726 -0.005589456 0.999978304 0.003515174 -0.015542177 0.064429596 -0.003147795 0.997917295 1.379201412
0.998061180 0.004818682 -0.062053431 -0.074809536 -0.004465669 0.999972999 0.005826282 -0.015714968 0.062079828 -0.005537875 0.998055816 1.434908748
0.998190284 0.005095245 -0.059918325 -0.079337671 -0.004742568 0.999970555 0.006026685 -0.015401351 0.059947260 -0.005731611 0.998185098 1.492467523
0.998237669 0.004769758 -0.059150685 -0.081852660 -0.004538252 0.999981582 0.004047538 -0.016501209 0.059168886 -0.003771966 0.998240769 1.548651695
0.998285115 0.005511756 -0.058279622 -0.085544407 -0.005595542 0.999983490 -0.001274566 -0.016330220 0.058271639 0.001598485 0.998299360 1.606022835
0.998374820 0.005473932 -0.056724869 -0.089217782 -0.005690652 0.999977052 -0.003659711 -0.017407184 0.056703523 0.003976563 0.998383224 1.663159013
0.998439372 0.003092705 -0.055761036 -0.092622951 -0.003246522 0.999991119 -0.002668121 -0.018030483 0.055752285 0.002844987 0.998440564 1.720821381
0.998412788 0.001937655 -0.056288291 -0.095662534 -0.001823426 0.999996245 0.002080635 -0.018441115 0.056292098 -0.001974695 0.998412490 1.779698610
0.998357773 -0.002298754 -0.057240788 -0.098710306 0.002602936 0.999982834 0.005240099 -0.018809371 0.057227768 -0.005380487 0.998346627 1.837533832
0.998276293 -0.008698998 -0.058040585 -0.101726279 0.008979999 0.999949098 0.004582377 -0.019475900 0.057997767 -0.005095684 0.998303711 1.896705389
0.998175025 -0.010985855 -0.059379574 -0.105081126 0.011041757 0.999938726 0.000613403 -0.019846063 0.059369203 -0.001267938 0.998235285 1.955225825
0.998102784 -0.010399445 -0.060684379 -0.109275445 0.010220227 0.999942362 -0.003262959 -0.020428304 0.060714822 0.002636560 0.998151600 2.014734745
0.997968674 -0.009369641 -0.063013569 -0.112986483 0.009130726 0.999949992 -0.004078357 -0.020869102 0.063048631 0.003494713 0.998004317 2.074473143
0.997927308 -0.009352115 -0.063668922 -0.117100872 0.009197635 0.999953985 -0.002718989 -0.021631489 0.063691437 0.002127750 0.997967362 2.133844376
0.997892439 -0.006245187 -0.064588852 -0.121786058 0.006268891 0.999980330 0.000164336 -0.022409232 0.064586565 -0.000568890 0.997911990 2.194272757
0.997777581 -0.006382841 -0.066326417 -0.125278398 0.006502956 0.999977589 0.001595214 -0.023217276 0.066314749 -0.002022987 0.997796893 2.254130363
0.997721076 -0.005469227 -0.067252025 -0.129602700 0.005755249 0.999975204 0.004059976 -0.023645626 0.067228146 -0.004437775 0.997727811 2.314579725
0.997710347 -0.005593813 -0.067399755 -0.132663533 0.006116320 0.999952793 0.007548503 -0.024538962 0.067354344 -0.007943460 0.997697592 2.374079466
0.997757077 0.000712037 -0.066934556 -0.139560640 -0.000065741 0.999953330 0.009657353 -0.024699958 0.066938311 -0.009631296 0.997710586 2.433355331
0.997701824 0.001356820 -0.067744024 -0.142791525 -0.000755432 0.999960005 0.008902173 -0.025299909 0.067753412 -0.008830542 0.997662961 2.493609905
0.997726858 0.001417652 -0.067374028 -0.147108734 -0.000914014 0.999971449 0.007505493 -0.025884826 0.067382760 -0.007426851 0.997699559 2.552384138
0.997751236 0.003297409 -0.066945806 -0.152363703 -0.002959264 0.999982238 0.005149564 -0.025727494 0.066961609 -0.004939873 0.997743249 2.611094475
0.997624099 0.002275086 -0.068855911 -0.156505615 -0.001902219 0.999983132 0.005480248 -0.026053082 0.068867229 -0.005336250 0.997611523 2.672897100
0.997626781 0.000352352 -0.068852887 -0.160858780 0.000077340 0.999980509 0.006237964 -0.026112003 0.068853751 -0.006228485 0.997607291 2.729276180
0.997507155 0.001001365 -0.070558742 -0.164577842 -0.000485437 0.999973059 0.007328799 -0.026422512 0.070564166 -0.007276276 0.997480690 2.788853884
0.997569501 0.004297533 -0.069546171 -0.170514539 -0.004024728 0.999983609 0.004062287 -0.027648486 0.069562487 -0.003772508 0.997570455 2.847974777
0.997479975 0.003856710 -0.070843294 -0.173955798 -0.003878625 0.999992430 -0.000171794 -0.027710328 0.070842102 0.000446135 0.997487426 2.903696060
0.997384906 0.005187488 -0.072086781 -0.177542105 -0.005323353 0.999984384 -0.001692740 -0.028109180 0.072076865 0.002072056 0.997396946 2.962254763
0.997422516 0.003725272 -0.071655825 -0.182763651 -0.003559075 0.999990761 0.002446926 -0.029536331 0.071664281 -0.002185590 0.997426391 3.021050692
0.997403800 0.002084282 -0.071982175 -0.186277002 -0.001696115 0.999983609 0.005453253 -0.029972620 0.071992368 -0.005317005 0.997391045 3.076107025
0.997392297 0.000464083 -0.072169922 -0.190577596 -0.000012508 0.999980271 0.006257447 -0.030737303 0.072171405 -0.006240225 0.997372806 3.134484768
0.997377872 -0.003074193 -0.072305709 -0.195138305 0.003425742 0.999982834 0.004738477 -0.030981064 0.072289899 -0.004973752 0.997371316 3.192493916
0.997392237 -0.003990289 -0.072061345 -0.199764639 0.004247576 0.999985039 0.003417494 -0.032180373 0.072046645 -0.003714669 0.997394323 3.247473001
0.997295737 -0.006197061 -0.073230825 -0.203871176 0.006569135 0.999966621 0.004841090 -0.032859407 0.073198386 -0.005309062 0.997303307 3.305032730
0.997176409 -0.008866889 -0.074568361 -0.207675815 0.009536445 0.999917328 0.008627836 -0.033001564 0.074485697 -0.009314593 0.997178614 3.361951590
0.997159302 -0.009751108 -0.074687570 -0.212119356 0.010795647 0.999849200 0.013594509 -0.032871701 0.074543752 -0.014362192 0.997114301 3.417098045
0.997125983 -0.007992635 -0.075338103 -0.217060983 0.009171615 0.999840558 0.015316230 -0.032462098 0.075203694 -0.015963184 0.997040391 3.475033283
0.997028112 -0.007186739 -0.076703288 -0.221413344 0.008095930 0.999900460 0.011548977 -0.032680150 0.076612666 -0.012135640 0.996987045 3.530644178
0.996935964 -0.005056825 -0.078057945 -0.225609571 0.005396861 0.999976814 0.004145848 -0.033454567 0.078035161 -0.004554412 0.996940196 3.582580805
0.996915996 -0.003270288 -0.078407504 -0.230355501 0.003239398 0.999994636 -0.000521161 -0.033952709 0.078408778 0.000265560 0.996921301 3.637462378
0.996884406 0.001700789 -0.078857638 -0.236131877 -0.001682780 0.999998569 0.000294827 -0.034497961 0.078858018 -0.000161208 0.996885777 3.692002535
0.996735752 0.004367579 -0.080615699 -0.239881560 -0.004203061 0.999988735 0.002210347 -0.034974385 0.080624454 -0.001864299 0.996742785 3.743807554
0.996657789 0.008228202 -0.081275262 -0.244819209 -0.007977882 0.999962389 0.003404156 -0.035837319 0.081300236 -0.002744374 0.996685863 3.796015978
0.996502459 0.009178162 -0.083058946 -0.248832420 -0.008951455 0.999955237 0.003101453 -0.036705252 0.083083697 -0.002347107 0.996539831 3.848212481
0.996424258 0.009482684 -0.083959326 -0.254467070 -0.009127238 0.999947608 0.004616400 -0.037206121 0.083998717 -0.003833575 0.996458471 3.898464441
0.996274352 0.010590808 -0.085589007 -0.258352667 -0.010200952 0.999935389 0.004991039 -0.037597530 0.085636318 -0.004099354 0.996318102 3.948172092
0.996103823 0.009798999 -0.087643355 -0.261932135 -0.009349461 0.999940932 0.005538214 -0.038237989 0.087692440 -0.004697218 0.996136546 3.997850895
0.996070802 0.009733357 -0.088023447 -0.267968684 -0.009166021 0.999934494 0.006847198 -0.039136700 0.088084318 -0.006013469 0.996094823 4.045767784
0.995879114 0.012656040 -0.089803062 -0.271650314 -0.011829669 0.999882638 0.009728339 -0.039704725 0.089915648 -0.008625909 0.995911956 4.093257904
0.995728672 0.014168677 -0.091234647 -0.275822550 -0.012982559 0.999823391 0.013581133 -0.039687727 0.091410972 -0.012338663 0.995736778 4.140097141
0.995566249 0.017305717 -0.092457488 -0.281295896 -0.015958991 0.999755740 0.015285552 -0.039847814 0.092699423 -0.013742250 0.995599270 4.185985088
0.995416701 0.020022351 -0.093512960 -0.286753118 -0.019044511 0.999754369 0.011337548 -0.040341236 0.093716957 -0.009504680 0.995553553 4.230982780
0.995274544 0.020443780 -0.094923742 -0.291013092 -0.020214554 0.999789894 0.003375922 -0.039912865 0.094972789 -0.001441133 0.995478749 4.273941994
0.995159805 0.019309167 -0.096353248 -0.294991851 -0.019616546 0.999805033 -0.002243758 -0.040726908 0.096291117 0.004123016 0.995344579 4.314845562
0.995133698 0.019781839 -0.096527301 -0.299520671 -0.020146042 0.999793112 -0.002799838 -0.041834481 0.096451938 0.004730856 0.995326340 4.355975151
0.995022357 0.022449188 -0.097089894 -0.303995997 -0.022472298 0.999747097 0.000855598 -0.042504113 0.097084530 0.001330493 0.995275140 4.396414280
0.994877934 0.023017433 -0.098427951 -0.308380246 -0.022860670 0.999734938 0.002720329 -0.043127812 0.098464467 -0.000456266 0.995140493 4.435104370
0.994868517 0.019631190 -0.099253513 -0.312366098 -0.019807093 0.999803483 -0.000787096 -0.043556478 0.099218547 0.002748981 0.995061994 4.472139359
0.995023131 0.011401162 -0.098989651 -0.315644056 -0.011978916 0.999914408 -0.005244120 -0.045034461 0.098921396 0.006403809 0.995074689 4.508120537
0.995114684 0.007626642 -0.098431520 -0.318163991 -0.008765923 0.999899387 -0.011147073 -0.044575658 0.098336615 0.011955458 0.995081425 4.544746399
0.995359302 0.010054496 -0.095702395 -0.321464658 -0.011169051 0.999875784 -0.011117491 -0.045482159 0.095578730 0.012134800 0.995347917 4.578665257
0.995751143 0.014818400 -0.090884961 -0.325619757 -0.015599221 0.999847174 -0.007886969 -0.046549153 0.090754196 0.009271191 0.995830178 4.612400055
0.996163249 0.013272332 -0.086501680 -0.328032821 -0.013752151 0.999893129 -0.004953378 -0.046969175 0.086426690 0.006123956 0.996239364 4.645514965
0.996647358 0.010130602 -0.081187777 -0.330019057 -0.010226570 0.999947429 -0.000766330 -0.047707401 0.081175745 0.001594034 0.996698499 4.677221775
0.997306347 0.005509111 -0.073142856 -0.331208825 -0.005304431 0.999981403 0.002992325 -0.048873227 0.073157974 -0.002596283 0.997317016 4.708738327
0.997998297 0.008949889 -0.062605016 -0.332879245 -0.008810641 0.999958098 0.002499904 -0.049002647 0.062624753 -0.001943310 0.998035252 4.739502430
0.998774886 0.014447834 -0.047328822 -0.334894717 -0.014364281 0.999894500 0.002105001 -0.049590942 0.047354244 -0.001422578 0.998877108 4.768701077
0.999403358 0.019471064 -0.028526751 -0.336303055 -0.019413907 0.999808788 0.002279173 -0.049512990 0.028565677 -0.001723997 0.999590397 4.797687054
0.999814868 0.018068410 -0.006629258 -0.335049897 -0.018048024 0.999832094 0.003122211 -0.050215233 0.006684564 -0.003001987 0.999973118 4.826766491
0.999706924 0.014421705 0.019445382 -0.333459646 -0.014497024 0.999887884 0.003737968 -0.050598014 -0.019389294 -0.004018773 0.999803901 4.853358269
0.998701692 0.013420945 0.049141660 -0.330797315 -0.013698146 0.999892056 0.005308448 -0.051270448 -0.049065109 -0.005974704 0.998777688 4.880562305
0.996461391 0.013176555 0.083011903 -0.327749103 -0.013786546 0.999881923 0.006779297 -0.051673446 -0.082912788 -0.007899757 0.996525466 4.907869816
0.992722690 0.013204353 0.119696714 -0.323269546 -0.014134777 0.999876022 0.006927479 -0.051809300 -0.119590402 -0.008568951 0.992786348 4.931881905
0.986793399 0.013078865 0.161455452 -0.318506062 -0.014390333 0.999872208 0.006956033 -0.052367296 -0.161343843 -0.009187564 0.986855507 4.956127644
0.978248596 0.012777118 0.207041517 -0.311779618 -0.014482211 0.999872506 0.006721913 -0.052794918 -0.206929207 -0.009574123 0.978309095 4.981132984
0.966699958 0.015292808 0.255455106 -0.303720474 -0.016984656 0.999845982 0.004418041 -0.053062338 -0.255348265 -0.008609737 0.966810703 5.004004478
0.951260686 0.015890313 0.307978272 -0.294636607 -0.017293083 0.999848783 0.001825826 -0.053967834 -0.307902724 -0.007062731 0.951391518 5.025930405
0.931329012 0.016262965 0.363815635 -0.284375548 -0.017222837 0.999851465 -0.000605873 -0.054224174 -0.363771528 -0.005701670 0.931470752 5.047144890
0.906898916 0.016632048 0.421020299 -0.272276044 -0.017168703 0.999849379 -0.002515950 -0.054741420 -0.420998812 -0.004946663 0.907047689 5.068302155
0.877635300 0.016881028 0.479031771 -0.259333611 -0.016323166 0.999852479 -0.005328976 -0.054824084 -0.479051143 -0.003142419 0.877781391 5.087930679
0.843591690 0.016213847 0.536740541 -0.245309114 -0.014155487 0.999868095 -0.007955907 -0.055127755 -0.536798835 -0.000886288 0.843709826 5.106524944
0.806747854 0.015938120 0.590680838 -0.229336023 -0.012948472 0.999872983 -0.009294253 -0.055871457 -0.590753913 -0.000150297 0.806851745 5.123696327
0.767138183 0.013695709 0.641335487 -0.213044643 -0.011151308 0.999905646 -0.008014249 -0.056754023 -0.641384780 -0.001003692 0.767218769 5.138944626
0.724052906 0.013317855 0.689615905 -0.195635319 -0.013205762 0.999897957 -0.005444809 -0.057690080 -0.689617991 -0.005164574 0.724154890 5.154207230
0.678100824 0.012861896 0.734856248 -0.177778006 -0.012407123 0.999904752 -0.006052055 -0.057781056 -0.734864056 -0.005013547 0.678195894 5.168166161
0.632235229 0.011145935 0.774696350 -0.158564091 -0.008259788 0.999936581 -0.007645707 -0.058200613 -0.774732530 -0.001564943 0.632287204 5.179513931
0.585004687 0.008605150 0.810984254 -0.138251066 -0.001949610 0.999955654 -0.009203924 -0.058359824 -0.811027527 0.003803236 0.584995568 5.190987587
0.538911700 0.010595527 0.842295647 -0.117767811 -0.004083836 0.999942005 -0.009965722 -0.059294052 -0.842352390 0.001930848 0.538923621 5.200792313
0.490401447 0.013693274 0.871389031 -0.098614693 -0.008371957 0.999904394 -0.011001225 -0.060040608 -0.871456385 -0.001900215 0.490469277 5.210591316
0.444570243 0.015767908 0.895605147 -0.077740908 -0.009337212 0.999872267 -0.012968713 -0.060864031 -0.895695329 -0.002596951 0.444660723 5.218987465
0.402130395 0.013132788 0.915488243 -0.056538582 -0.002211070 0.999908209 -0.013372587 -0.061556082 -0.915579736 0.003353315 0.402122468 5.225468636
0.362631649 0.005472607 0.931916535 -0.034092069 0.013371698 0.999849200 -0.011074798 -0.061781961 -0.931836545 0.016477374 0.362503856 5.231178284
0.326906562 0.002431599 0.945053518 -0.011817813 0.017310306 0.999813497 -0.008560359 -0.061763681 -0.944898069 0.019157600 0.326803446 5.236726761
0.294282258 0.006918466 0.955693424 0.011018753 0.014867404 0.999819577 -0.011815956 -0.062067352 -0.955602825 0.017685905 0.294126302 5.242290020
0.262353837 0.013815737 0.964872837 0.033484578 0.004223537 0.999871433 -0.015465275 -0.063329004 -0.964962542 0.008132549 0.262261748 5.248883247
0.233347818 0.017866964 0.972229123 0.056841135 0.000193085 0.999830306 -0.018420542 -0.064366557 -0.972393274 0.004486116 0.233304799 5.254311562
0.208330378 0.019780451 0.977858663 0.081409454 0.001139512 0.999789894 -0.020466857 -0.065369681 -0.978057861 0.005378150 0.208264112 5.258019924
0.184469178 0.021960720 0.982592940 0.106564224 0.007760114 0.999686658 -0.023799624 -0.065969713 -0.982807696 0.012015331 0.184240937 5.261281013
0.164748520 0.027453749 0.985953450 0.132285535 0.015139893 0.999424338 -0.030358650 -0.066285491 -0.986219525 0.019928774 0.164238021 5.263866901
0.145009488 0.034645826 0.988823533 0.158803046 0.018626850 0.999113977 -0.037737977 -0.065956220 -0.989254951 0.023891034 0.144235685 5.267005444
0.127302781 0.034917809 0.991249084 0.186160386 0.015241071 0.999193192 -0.037155017 -0.067282021 -0.991746783 0.019837631 0.126667932 5.270223618
0.108275972 0.031141203 0.993632913 0.214481115 0.013477562 0.999371290 -0.032789692 -0.068597123 -0.994029522 0.016942089 0.107788213 5.275337219
0.097360134 0.027258176 0.994875908 0.244037330 0.013513251 0.999496460 -0.028707204 -0.070173435 -0.995157480 0.016238945 0.096942768 5.275378227
0.083836995 0.025424905 0.996155083 0.274423003 0.015858574 0.999513686 -0.026845295 -0.070968926 -0.996353388 0.018048229 0.083393022 5.277334690
0.072587997 0.023993000 0.997073352 0.304774553 0.019644983 0.999482274 -0.025481142 -0.072239667 -0.997168541 0.021437116 0.072079070 5.278550625
0.062463995 0.024935918 0.997735679 0.337419569 0.022822293 0.999390781 -0.026406093 -0.073002622 -0.997786343 0.024420047 0.061856840 5.279915333
0.054664016 0.025288273 0.998184502 0.369804561 0.024916045 0.999333382 -0.026681866 -0.074141234 -0.998193860 0.026329357 0.053997491 5.281371117
0.049195521 0.025990160 0.998450994 0.404328287 0.026852753 0.999265552 -0.027334452 -0.075035013 -0.998428166 0.028155891 0.048461478 5.282274246
0.043667838 0.026781891 0.998687208 0.439625502 0.027721765 0.999223232 -0.028008413 -0.076064125 -0.998661518 0.028908437 0.042891473 5.283978939
0.037493352 0.026654918 0.998941362 0.476774395 0.028576711 0.999206722 -0.027734576 -0.077703826 -0.998888195 0.029586319 0.036701895 5.285197735
0.033195630 0.027563984 0.999068856 0.513188124 0.030608807 0.999122679 -0.028582504 -0.078463003 -0.998980045 0.031529114 0.032322813 5.286199093
0.029882973 0.027784247 0.999167264 0.552493691 0.032399710 0.999061346 -0.028750315 -0.079601020 -0.999028146 0.033231866 0.028954722 5.287457943
0.027485540 0.026886880 0.999260604 0.591072261 0.033272594 0.999059737 -0.027796667 -0.081360228 -0.999068260 0.034011994 0.026565095 5.287650585
0.024952568 0.026175689 0.999345958 0.631236851 0.035813116 0.998992145 -0.027060634 -0.082715727 -0.999046922 0.036464922 0.023989983 5.288800240
0.024279304 0.025852481 0.999370873 0.673612177 0.039764699 0.998849511 -0.026805058 -0.084128559 -0.998914003 0.040390495 0.023223357 5.289123058
0.024460007 0.025518304 0.999375045 0.715886414 0.042993013 0.998722434 -0.026553907 -0.085316129 -0.998775840 0.043615654 0.023331648 5.291411400
0.027206756 0.025237482 0.999311149 0.760334313 0.044139799 0.998675942 -0.026423166 -0.087203600 -0.998654723 0.044828277 0.026056757 5.291976452
0.031475864 0.025195552 0.999186873 0.806077838 0.047357250 0.998521924 -0.026670605 -0.088645987 -0.998381972 0.048158217 0.030236147 5.292533398
0.036103196 0.024616521 0.999044776 0.852505088 0.048244875 0.998488069 -0.026346259 -0.090158068 -0.998182833 0.049149975 0.034860983 5.294140339
0.039766952 0.023041088 0.998943210 0.900203466 0.049488187 0.998461843 -0.025000060 -0.091752633 -0.997982681 0.050430074 0.038565520 5.297074795
0.043745760 0.021379912 0.998813808 0.947561383 0.049069785 0.998518229 -0.023522729 -0.092877492 -0.997836947 0.050040603 0.042631835 5.298345089
0.047636893 0.019063370 0.998682678 0.996053338 0.046076026 0.998711467 -0.021261733 -0.094392702 -0.997801483 0.047028180 0.046697151 5.301068783
0.051773429 0.017889518 0.998498559 1.046639204 0.045176968 0.998773873 -0.020236934 -0.096101299 -0.997636557 0.046156868 0.050901774 5.304428101
0.055592824 0.019251887 0.998267829 1.096319675 0.042306464 0.998870730 -0.021619525 -0.097313672 -0.997556865 0.043435074 0.054715574 5.307872772
0.058753766 0.023385948 0.997998536 1.146635532 0.040269565 0.998856246 -0.025776781 -0.098848939 -0.997460008 0.041703444 0.057744838 5.311045170
0.060406715 0.028827306 0.997757554 1.197631240 0.034670576 0.998919189 -0.030959904 -0.100427724 -0.997571647 0.036463011 0.059341982 5.314600945
0.059766896 0.031467199 0.997716188 1.248916149 0.031635180 0.998941302 -0.033400893 -0.103133798 -0.997711062 0.033559199 0.058708157 5.319134712
0.060105868 0.031346701 0.997699738 1.299740195 0.029041385 0.999028742 -0.033138048 -0.104893222 -0.997769415 0.030966377 0.059137125 5.321913242
0.059952740 0.029636849 0.997761130 1.351342559 0.026243888 0.999166846 -0.031255528 -0.107122697 -0.997856140 0.028058993 0.059124999 5.325917721
0.059453376 0.028216412 0.997832298 1.403557062 0.027193986 0.999183655 -0.029874915 -0.109085739 -0.997860610 0.028911205 0.058637518 5.329793453
0.060381100 0.027448535 0.997798026 1.454635501 0.024336031 0.999284208 -0.028962107 -0.111813039 -0.997878611 0.026031209 0.059669890 5.332021236
0.060226541 0.027784938 0.997797966 1.505084753 0.022720201 0.999315381 -0.029198566 -0.113888763 -0.997926176 0.024428699 0.059554026 5.335803986
0.060384206 0.028434664 0.997770131 1.556534290 0.019744225 0.999364555 -0.029675003 -0.116262063 -0.997979999 0.021492099 0.059784416 5.338972092
0.058514096 0.029666603 0.997845769 1.607450724 0.017022368 0.999383330 -0.030710516 -0.118195198 -0.998141527 0.018782694 0.057973024 5.343272686
0.055536430 0.029444955 0.998022437 1.657596350 0.014195759 0.999440730 -0.030276742 -0.120307371 -0.998355865 0.015849145 0.055087373 5.346197605
0.052549075 0.028107483 0.998222828 1.708903074 0.011079098 0.999525845 -0.028727410 -0.122565411 -0.998556852 0.012569007 0.052212764 5.348742485
0.047933467 0.025979670 0.998512626 1.760651946 0.009100170 0.999608874 -0.026445039 -0.124264240 -0.998809040 0.010354239 0.047678303 5.351498127
0.041364446 0.023914505 0.998857856 1.811526299 0.006306281 0.999687254 -0.024195516 -0.126754418 -0.999124229 0.007299914 0.041200701 5.353954315
0.034446210 0.022866538 0.999144852 1.860832453 0.005967543 0.999715567 -0.023085330 -0.129993498 -0.999388695 0.006757643 0.034299955 5.354507923
0.025317783 0.024741964 0.999373198 1.909810781 0.006828912 0.999666035 -0.024922213 -0.130415887 -0.999656141 0.007455608 0.025140369 5.356785297
0.015455422 0.025363501 0.999558806 1.959286809 0.006387624 0.999655306 -0.025464714 -0.132010981 -0.999860168 0.006778375 0.015288081 5.357047081
0.005063964 0.023927970 0.999700725 2.008882284 0.008847032 0.999673545 -0.023972126 -0.134389326 -0.999948144 0.008965779 0.004850615 5.357469559
-0.006011406 0.023243535 0.999711812 2.060153246 0.007623712 0.999701858 -0.023197459 -0.135822803 -0.999952853 0.007482063 -0.006186815 5.357614517
-0.017512569 0.022419473 0.999595284 2.109376192 0.007880639 0.999720633 -0.022284215 -0.137772173 -0.999815583 0.007487194 -0.017684355 5.357080460
-0.029110357 0.023313399 0.999304295 2.159053087 0.009166744 0.999692261 -0.023055410 -0.139098763 -0.999534130 0.008489216 -0.029315103 5.356208801
-0.038933884 0.023647342 0.998961985 2.206882954 0.010286511 0.999676466 -0.023263343 -0.141045988 -0.999188840 0.009370103 -0.039164536 5.353033066
-0.048766330 0.024664836 0.998505652 2.255036354 0.010752917 0.999650121 -0.024167940 -0.142549872 -0.998752475 0.009558266 -0.049014475 5.349506378
-0.059261106 0.025269536 0.997922659 2.303372622 0.010290714 0.999641836 -0.024701966 -0.144827589 -0.998189449 0.008805471 -0.059499927 5.346880913
-0.069660172 0.026413370 0.997221053 2.350967884 0.011273067 0.999606431 -0.025689075 -0.146458536 -0.997507095 0.009452233 -0.069930539 5.344667435
-0.079544328 0.026485378 0.996479392 2.398682594 0.011727633 0.999602675 -0.025632225 -0.148743048 -0.996762276 0.009647447 -0.079823345 5.341094971
-0.089094795 0.027881468 0.995632827 2.445547581 0.012491634 0.999560773 -0.026873644 -0.149491936 -0.995944798 0.010042778 -0.089403957 5.336586475
-0.097704507 0.027111487 0.994846165 2.489704370 0.014321164 0.999563694 -0.025833560 -0.151726186 -0.995112419 0.011723298 -0.098050140 5.332792759
-0.105016388 0.025624115 0.994140387 2.534654617 0.015049559 0.999594510 -0.024174929 -0.153768882 -0.994356632 0.012422611 -0.105359420 5.327542782
-0.111096397 0.024300858 0.993512511 2.581623554 0.018330693 0.999581039 -0.022399522 -0.155165568 -0.993640602 0.015723262 -0.111495279 5.323715210
-0.113763638 0.022988981 0.993241787 2.622816563 0.022354478 0.999538302 -0.020574287 -0.156667307 -0.993256271 0.019862797 -0.114225037 5.317382812
-0.116573997 0.021552026 0.992948174 2.666526079 0.023905845 0.999535739 -0.018888416 -0.159004971 -0.992894232 0.021535370 -0.117035091 5.312639236
-0.118345179 0.020964418 0.992751241 2.709674120 0.024372347 0.999537170 -0.018202307 -0.159962788 -0.992673278 0.022041522 -0.118801355 5.307595730
-0.119134866 0.021255182 0.992650509 2.748732090 0.024755931 0.999523580 -0.018431226 -0.161534652 -0.992569387 0.022378189 -0.119604290 5.302453041
-0.117853574 0.022119243 0.992784560 2.790031195 0.025232943 0.999495804 -0.019273359 -0.163286954 -0.992710292 0.022779450 -0.118352272 5.297255993
-0.114968941 0.023637682 0.993087828 2.828986168 0.026290733 0.999439001 -0.020745199 -0.164848745 -0.993021131 0.023723954 -0.115525894 5.293152809
-0.109848872 0.024718927 0.993640900 2.865012646 0.026695937 0.999403358 -0.021910997 -0.165404320 -0.993589699 0.024119277 -0.110443227 5.288838387
-0.101550117 0.025626693 0.994500279 2.901301861 0.027109835 0.999368191 -0.022983897 -0.166405320 -0.994461000 0.024626723 -0.102180690 5.285343170
-0.090769649 0.025518373 0.995545030 2.937400579 0.024917612 0.999416828 -0.023345735 -0.168405861 -0.995560169 0.022687521 -0.091352582 5.283114433
-0.076880530 0.025778059 0.996706963 2.971189737 0.024808852 0.999405622 -0.023934228 -0.169868767 -0.996731579 0.022887085 -0.077474363 5.280318260
-0.060206026 0.026794199 0.997826338 3.002925158 0.023189787 0.999407411 -0.025437443 -0.171793118 -0.997916579 0.021607891 -0.060791716 5.279558182
-0.038432349 0.028975632 0.998840988 3.034784555 0.021056324 0.999381006 -0.028181115 -0.173285380 -0.999039412 0.019948853 -0.039018691 5.278512001
-0.013940637 0.032361880 0.999378920 3.068174362 0.019708553 0.999290824 -0.032084104 -0.174683273 -0.999708593 0.019249046 -0.014568556 5.279566765
0.014420352 0.034039840 0.999316394 3.100127935 0.017513994 0.999258399 -0.034290597 -0.176298976 -0.999742687 0.017996501 0.013813493 5.281318188
0.047949746 0.033401892 0.998291016 3.131766796 0.014965523 0.999304414 -0.034154624 -0.178023860 -0.998737633 0.016577657 0.047416531 5.283479691
0.086162969 0.031197757 0.995792508 3.161872149 0.014369614 0.999366760 -0.032553092 -0.179050758 -0.996177435 0.017114019 0.085660100 5.287089825
0.128404036 0.027561827 0.991338909 3.193069696 0.013082768 0.999479711 -0.029482717 -0.180124491 -0.991635680 0.016755154 0.127976641 5.292666912
0.173903793 0.022668790 0.984501839 3.223202944 0.009389377 0.999651372 -0.024676170 -0.182156175 -0.984717965 0.013535134 0.173630327 5.299249172
0.222334802 0.019749897 0.974770308 3.252064228 0.004704762 0.999761343 -0.021329349 -0.183018059 -0.974959016 0.009328317 0.222188845 5.307590485
0.274321377 0.018531935 0.961459458 3.280564785 0.000661655 0.999810398 -0.019459918 -0.183993936 -0.961637855 0.005974427 0.274257064 5.317488670
0.329825252 0.018017713 0.943870068 3.310086966 -0.000354769 0.999820113 -0.018961782 -0.185048014 -0.944041967 0.005919219 0.329772323 5.328912735
0.385994762 0.018277312 0.922319889 3.334729671 0.001566294 0.999789178 -0.020468004 -0.186490953 -0.922499597 0.009345165 0.385884792 5.342472076
0.445445538 0.022957148 0.895014703 3.360157013 0.002061190 0.999642193 -0.026666697 -0.186728701 -0.895306587 0.013723359 0.445238948 5.357706070
0.504268467 0.025054315 0.863183379 3.382973671 0.004011930 0.999500275 -0.031354733 -0.188281476 -0.863537610 0.019274240 0.503915966 5.374256611
0.560931087 0.031374611 0.827267706 3.405499458 -0.000302789 0.999289393 -0.037693311 -0.187672734 -0.827862442 0.020892868 0.560541987 5.394142151
0.618543804 0.033068225 0.785054207 3.425921440 -0.004713796 0.999252141 -0.038376722 -0.189626396 -0.785736263 0.020037096 0.618237078 5.411946774
0.672216952 0.033280872 0.739605844 3.447072506 -0.005932113 0.999199152 -0.039570462 -0.190946564 -0.740330577 0.022212511 0.671876013 5.433439255
0.720462143 0.030943209 0.692803562 3.463893652 -0.006754350 0.999269783 -0.037607133 -0.192594066 -0.693461359 0.022415081 0.720145047 5.455327034
0.765344501 0.026658140 0.643068612 3.480885983 -0.008523915 0.999474108 -0.031288080 -0.194394410 -0.643564582 0.018464696 0.765169144 5.480651855
0.807425737 0.022262879 0.589549005 3.495243549 -0.009207475 0.999641597 -0.025138780 -0.194412306 -0.589897394 0.014869442 0.807341218 5.503770828
0.844467402 0.019122310 0.535265505 3.510378838 -0.011152889 0.999773562 -0.018121338 -0.195524558 -0.535490870 0.009333122 0.844489455 5.532017708
0.875474453 0.013837553 0.483066410 3.522329330 -0.010337606 0.999897599 -0.009907175 -0.196828455 -0.483153999 0.003679729 0.875527680 5.560496330
0.901439071 0.016096571 0.432606667 3.530493259 -0.015170909 0.999869227 -0.005591266 -0.196632579 -0.432640165 -0.001522850 0.901565373 5.583382607
0.921671033 0.020054447 0.387453824 3.539587021 -0.020553958 0.999784768 -0.002854898 -0.196823508 -0.387427598 -0.005332433 0.921884716 5.612998962
0.937457085 0.025162686 0.347190350 3.549010515 -0.026758729 0.999641955 -0.000197332 -0.197061971 -0.347071022 -0.009105382 0.937794566 5.644652843
0.949584186 0.028236309 0.312238127 3.554893494 -0.029745601 0.999557495 0.000070891 -0.198095322 -0.312097967 -0.009355027 0.950003922 5.669083595
0.958962440 0.030814474 0.281853676 3.562682867 -0.032065772 0.999485731 -0.000172985 -0.197858796 -0.281714022 -0.008871967 0.959457517 5.700211525
0.965478480 0.024988165 0.259281218 3.571820498 -0.025990412 0.999662101 0.000437595 -0.198218003 -0.259182692 -0.007161315 0.965801775 5.733428478
0.969379067 0.021810900 0.244598418 3.579076529 -0.022687351 0.999742329 0.000766018 -0.198636830 -0.244518757 -0.006291854 0.969624221 5.766476154
0.972294450 0.026238699 0.232282370 3.586122274 -0.027059315 0.999633729 0.000346683 -0.198894888 -0.232188240 -0.006622480 0.972648382 5.801445961
0.974635363 0.031134127 0.221622616 3.589737892 -0.032249346 0.999478877 0.001414368 -0.199055627 -0.221463054 -0.008525678 0.975131512 5.823223591
0.975509048 0.039088674 0.216458127 3.595688820 -0.039919078 0.999202788 -0.000536312 -0.198695242 -0.216306522 -0.008117632 0.976291776 5.858191013
0.975871861 0.045302466 0.213592470 3.602814674 -0.045565799 0.998954654 -0.003692626 -0.199500591 -0.213536382 -0.006128981 0.976915956 5.893535614
0.975819767 0.045949116 0.213692248 3.609801769 -0.045609377 0.998938084 -0.006522402 -0.199809030 -0.213764980 -0.003381683 0.976879239 5.931093693
0.975738287 0.044451103 0.214380562 3.617051601 -0.043416750 0.999011576 -0.009533460 -0.200776681 -0.214592427 -0.000005545 0.976703644 5.958662987
0.974601984 0.044622939 0.219453380 3.624607086 -0.042308420 0.998988509 -0.015237503 -0.202039748 -0.219911292 0.005565771 0.975504041 5.997547150
0.973779500 0.044014141 0.223196149 3.634171963 -0.040342856 0.998965621 -0.020984072 -0.201672733 -0.223888844 0.011429487 0.974547684 6.037237644
0.972706735 0.048472915 0.226918533 3.641601086 -0.045006607 0.998777747 -0.020427806 -0.202554792 -0.227631375 0.009657433 0.973699391 6.066540241
0.971187294 0.051469244 0.232693776 3.650968790 -0.048970021 0.998663783 -0.016508479 -0.203151852 -0.233232513 0.004637809 0.972409844 6.108139992
0.970170975 0.048840452 0.237450555 3.659554958 -0.047346469 0.998806477 -0.011994015 -0.204157144 -0.237752974 0.000393801 0.971325576 6.143474579
0.969406724 0.045005310 0.241298959 3.670894861 -0.044840932 0.998974979 -0.006175267 -0.205187470 -0.241329566 -0.004833724 0.970431209 6.186991215
0.968654990 0.041809477 0.244866446 3.680149078 -0.042725995 0.999085486 -0.001570254 -0.205816284 -0.244708225 -0.008941128 0.969555497 6.222724438
0.968242168 0.036985066 0.247263640 3.692106485 -0.037864454 0.999282062 -0.001199362 -0.206155688 -0.247130513 -0.008201230 0.968947530 6.266600609
0.968098581 0.033969659 0.248256415 3.701299667 -0.033992581 0.999413192 -0.004195518 -0.206752852 -0.248253211 -0.004377200 0.968685329 6.303926945
0.968149841 0.033503667 0.248119786 3.712354898 -0.031766791 0.999434710 -0.011001630 -0.207584321 -0.248348117 0.002769259 0.968666911 6.349116802
0.968344986 0.035864007 0.247025952 3.722369194 -0.032465193 0.999313951 -0.017819563 -0.208132640 -0.247495517 0.009235739 0.968845010 6.387539387
0.969108224 0.038789146 0.243566751 3.734499693 -0.034491178 0.999165237 -0.021887558 -0.208781958 -0.244212374 0.012810503 0.969637215 6.434666634
0.969623983 0.036695540 0.241832256 3.743652821 -0.033496767 0.999288619 -0.017326804 -0.209499806 -0.242296010 0.008699888 0.970163345 6.474630356
0.970060050 0.032669306 0.240658104 3.755731106 -0.031230345 0.999464214 -0.009791914 -0.210582137 -0.240849018 0.001982910 0.970560551 6.523592949
0.970777154 0.033060327 0.237694949 3.767751694 -0.033012621 0.999446154 -0.004182361 -0.211499691 -0.237701565 -0.003786794 0.971330822 6.573751450
0.970939457 0.036753062 0.236486048 3.776212215 -0.036715213 0.999315381 -0.004565376 -0.212374151 -0.236491919 -0.004249930 0.971624196 6.611361980
0.971037984 0.042822152 0.235056207 3.786731720 -0.041801050 0.999082506 -0.009327328 -0.213189542 -0.235239923 -0.000768407 0.971937060 6.662804127
0.971981049 0.043785695 0.230944991 3.798767805 -0.041511200 0.999029994 -0.014700970 -0.213682294 -0.231364638 0.004702262 0.972855747 6.714290142
0.973061085 0.042168800 0.226658240 3.808260441 -0.039267112 0.999078929 -0.017297691 -0.214661539 -0.227178887 0.007931492 0.973820746 6.753435135
0.974013388 0.039781842 0.222969458 3.819776535 -0.037200835 0.999183357 -0.015765594 -0.215737984 -0.223414570 0.007061248 0.974697948 6.806625366
0.974904716 0.036241073 0.219653219 3.832205296 -0.034049861 0.999325395 -0.013754689 -0.216950417 -0.220003575 0.005930346 0.975481033 6.861890316
0.975375414 0.034640744 0.217813790 3.841525078 -0.033030938 0.999393463 -0.011028601 -0.217662692 -0.218063727 0.003562435 0.975927949 6.901660919
0.975715935 0.031280421 0.216794685 3.853746891 -0.030124320 0.999508858 -0.008636200 -0.218748212 -0.216958359 0.001895686 0.976178944 6.957444668
0.976022661 0.026252527 0.216080084 3.866315365 -0.025319817 0.999654293 -0.007084153 -0.220036030 -0.216191351 0.001443188 0.976349950 7.012014389
0.976190209 0.027257102 0.215196773 3.876262903 -0.026627660 0.999628603 -0.005824019 -0.220478833 -0.215275601 -0.000044836 0.976553380 7.054963589
0.975975752 0.032279782 0.215474412 3.887966156 -0.031307150 0.999478400 -0.007926340 -0.221007913 -0.215617880 0.000990027 0.976477385 7.111061096
0.975662529 0.038324483 0.215902463 3.900073767 -0.036729872 0.999260247 -0.011394841 -0.221843511 -0.216179460 0.003187449 0.976348460 7.168231964
0.975081742 0.046644587 0.216887325 3.908170700 -0.044901460 0.998907268 -0.012960759 -0.222858474 -0.217254907 0.002899242 0.976110578 7.210456371
0.974036098 0.052838512 0.220140368 3.919343472 -0.051326256 0.998602569 -0.012587619 -0.224090770 -0.220497847 0.000961817 0.975386918 7.267029285
0.973206162 0.054987278 0.223262697 3.931963921 -0.053897016 0.998486102 -0.010978654 -0.224891260 -0.223528370 -0.001348698 0.974696457 7.325234890
0.972717702 0.055669580 0.225213557 3.945556402 -0.054517157 0.998448491 -0.011337630 -0.226939559 -0.225495279 -0.001249689 0.974243402 7.382817745
0.972239971 0.054667979 0.227509886 3.954268932 -0.052856006 0.998503208 -0.014054001 -0.227379873 -0.227937683 0.001638597 0.973674297 7.421655178
0.972248852 0.048770081 0.228809178 3.968114376 -0.047153331 0.998809040 -0.012531086 -0.228721365 -0.229147851 0.001394219 0.973390639 7.479750633
0.972420335 0.042423818 0.229344472 3.982073307 -0.040282432 0.999090075 -0.014012805 -0.230333999 -0.229730234 0.004387783 0.973244488 7.537780762
0.972230315 0.041121934 0.230385184 3.996330261 -0.038850501 0.999141395 -0.014388895 -0.231913954 -0.230779082 0.005038740 0.972993135 7.595031261
0.971738040 0.043151114 0.232084513 4.009519577 -0.041579045 0.999067068 -0.011663511 -0.233055770 -0.232371345 0.001684024 0.972625673 7.653258324
0.971385419 0.045453440 0.233119383 4.016758919 -0.045435727 0.998952508 -0.005448816 -0.234070390 -0.233122841 -0.005299048 0.972432792 7.685033798
0.970885754 0.049402960 0.234393328 4.029445648 -0.050476242 0.998724222 -0.001421830 -0.235202491 -0.234164536 -0.010450859 0.972140729 7.741995335
0.970832646 0.048053496 0.234893411 4.043469429 -0.047585804 0.998837769 -0.007662158 -0.236656636 -0.234988600 -0.003738916 0.971990883 7.798545361
0.971091807 0.044206217 0.234577224 4.057496071 -0.040137518 0.998949885 -0.022093270 -0.238069698 -0.235307559 0.012039250 0.971846342 7.855177402
0.971374810 0.041999016 0.233809724 4.066590786 -0.035711497 0.998879254 -0.031062391 -0.239495963 -0.234852254 0.021823533 0.971786082 7.891908646
0.971726537 0.038678989 0.232919708 4.080491066 -0.034551285 0.999165595 -0.021777116 -0.240854591 -0.233567685 0.013113723 0.972252190 7.948111057
0.972150266 0.031949684 0.232170761 4.099040985 -0.032552976 0.999469280 -0.001233345 -0.242725194 -0.232086957 -0.006358851 0.972674251 8.026486397
0.972565472 0.027740503 0.230969787 4.108762741 -0.031842180 0.999394119 0.014049048 -0.243978322 -0.230440125 -0.021018201 0.972859502 8.063786507
